1117	1112	493	491	4830	8541	5002	8540
1122	1117	491	489	4831	8540	5001	8539
1127	1122	489	487	4832	8539	5000	8538
1132	1127	487	485	4833	8538	4999	8537
1137	1132	485	483	4834	8537	4998	8536
1131	1132	1137	1136	7021	4834	7030	7028
1130	1131	1136	1135	7020	7028	7029	7026
1129	1130	1135	1134	7018	7026	7027	7024
1128	1129	1134	1133	7016	7024	7025	7022
1126	1127	1132	1131	7012	4833	7021	7019
1125	1126	1131	1130	7011	7019	7020	7017
1124	1125	1130	1129	7009	7017	7018	7015
1123	1124	1129	1128	7007	7015	7016	7013
1121	1122	1127	1126	7003	4832	7012	7010
1120	1121	1126	1125	7002	7010	7011	7008
1119	1120	1125	1124	7000	7008	7009	7006
1118	1119	1124	1123	6998	7006	7007	7004
1116	1117	1122	1121	6994	4831	7003	7001
1115	1116	1121	1120	6993	7001	7002	6999
1114	1115	1120	1119	6991	6999	7000	6997
1113	1114	1119	1118	6989	6997	6998	6995
1111	1112	1117	1116	6985	4830	6994	6992
1110	1111	1116	1115	6984	6992	6993	6990
1109	1110	1115	1114	6982	6990	6991	6988
1108	1109	1114	1113	6980	6988	6989	6986
492	494	341	339	5955	5977	5721	5976
490	492	339	337	5953	5976	5718	5975
488	490	337	335	5951	5975	5715	5974
486	488	335	333	5949	5974	5712	5973
484	486	333	331	5947	5973	5709	5972
491	493	494	492	5002	5954	5955	5952
489	491	492	490	5001	5952	5953	5950
487	489	490	488	5000	5950	5951	5948
485	487	488	486	4999	5948	5949	5946
483	485	486	484	4998	5946	5947	5944
1102	1097	499	497	4827	8544	5005	8545
1107	1102	497	495	4828	8545	5004	8542
1112	1107	495	493	4829	8542	5003	8541
1106	1107	1112	1111	6976	4829	6985	6983
1105	1106	1111	1110	6975	6983	6984	6981
1104	1105	1110	1109	6973	6981	6982	6979
1103	1104	1109	1108	6971	6979	6980	6977
1101	1102	1107	1106	6967	4828	6976	6974
1100	1101	1106	1105	6966	6974	6975	6972
1099	1100	1105	1104	6964	6972	6973	6970
1098	1099	1104	1103	6962	6970	6971	6968
1096	1097	1102	1101	6958	4827	6967	6965
1095	1096	1101	1100	6957	6965	6966	6963
1094	1095	1100	1099	6955	6963	6964	6961
1093	1094	1099	1098	6953	6961	6962	6959
498	500	347	345	5961	5980	5730	5979
496	498	345	343	5959	5979	5727	5978
494	496	343	341	5957	5978	5724	5977
497	499	500	498	5005	5960	5961	5958
495	497	498	496	5004	5958	5959	5956
493	495	496	494	5003	5956	5957	5954
