251
252
253
254
279
280
309
310
311
312
321
322
331
332
341
342
343
344
345
346
371
372
385
386
399
400
413
414
427
428
441
442
455
456
469
470
483
484
497
498
511
512
525
526
539
540
553
554
567
568
569
570
595
596
609
610
623
624
637
638
651
652
665
666
679
680
693
694
707
708
721
722
735
736
749
750
763
764
777
778
791
792
821
822
823
824
833
834
843
844
865
866
867
868
893
894
907
908
911
912
915
916
919
920
923
924
927
928
931
932
935
936
939
940
943
944
947
948
951
952
955
956
959
960
1103
1104
1107
1108
1111
1112
1115
1116
1119
1120
1123
1124
1127
1128
1131
1132
1135
1136
1139
1140
1143
1144
1147
1148
1151
1152
1301
1302
1303
1304
1313
1314
1323
1324
1333
1334
1343
1344
1353
1354
1363
1364
1373
1374
1495
1496
1497
1498
1499
1500
1501
1502
1503
1504
1505
1506
1507
1508
1509
1510
1511
1512
1513
1514
1515
1516
1517
1518
1519
1520
1521
1522
1523
1524
1637
1638
1639
1640
1641
1642
1643
1644
1645
1646
1647
1648
1649
1650
1651
1652
1653
1654
1655
1656
1657
1658
1659
1660
1661
1662
1663
1664
1673
1674
1683
1684
1693
1694
1703
1704
1713
1714
1723
1724
1733
1734
1743
1744
1753
1754
1763
1764
1773
1774
1783
1784
1793
1794
1803
1804
1813
1814
1823
1824
1833
1834
1843
1844
1853
1854
1863
1864
1873
1874
1883
1884
1893
1894
1903
1904
1913
1914
1923
1924
1933
1934
1943
1944
1953
1954
2149
2151
2165
2179
2193
2207
2221
2235
2249
2263
2277
2291
2305
2307
2309
2311
2315
2316
2317
2319
2323
2325
2329
2331
2335
2337
2341
2343
2347
2349
2353
2355
2359
2361
2365
2367
2371
2373
2377
2379
2381
2383
2384
2563
2564
2567
2569
2571
2573
2575
2577
2579
2581
2583
2585
2586
2588
2589
2591
2592
3515
3516
3519
3520
3523
3524
3525
3526
3527
3528
3529
3530
3531
3532
3533
3534
3535
3536
3537
3538
3539
3540
3541
3542
3631
3632
3635
3637
3639
3641
3643
3645
3647
3649
3651
3655
3687
3688
3689
3690
3741
3742
3743
3744
3745
3746
3747
3748
3749
3750
3751
3752
3753
3754
3755
3756
3757
3758
3833
3834
3835
3836
3837
3838
3839
3840
3841
3842
3843
3844
3845
3846
3847
3848
3849
3850
3851
3852
3853
3854
4359
4360
4361
4362
4363
4364
4365
4366
4411
4412
4413
4414
4471
4472
4473
4474
4475
4476
4477
4478
4495
4496
4497
4498
4515
4516
4517
4518
4535
4536
4537
4538
4543
4544
4545
4546
4547
4548
4549
4550
4595
4596
4597
4598
4623
4624
4625
4626
4651
4652
4653
4654
4679
4680
4681
4682
4707
4708
4709
4710
4735
4736
4737
4738
4763
4764
4765
4766
4791
4792
4793
4794
4819
4820
4821
4822
4847
4848
4849
4850
4875
4876
4877
4878
4903
4904
4905
4906
4931
4932
4933
4934
4959
4960
4961
4962
4987
4988
4989
4990
4991
4992
4993
4994
5043
5044
5045
5046
5071
5072
5073
5074
5099
5100
5101
5102
5127
5128
5129
5130
5155
5156
5157
5158
5183
5184
5185
5186
5211
5212
5213
5214
5239
5240
5241
5242
5267
5268
5269
5270
5295
5296
5297
5298
5323
5324
5325
5326
5351
5352
5353
5354
5379
5380
5381
5382
5407
5408
5409
5410
5435
5436
5437
5438
5495
5496
5497
5498
5499
5500
5501
5502
5519
5520
5521
5522
5539
5540
5541
5542
5587
5588
5589
5590
5591
5592
5593
5594
5639
5640
5641
5642
5667
5668
5669
5670
5675
5676
5677
5678
5683
5684
5685
5686
5691
5692
5693
5694
5699
5700
5701
5702
5707
5708
5709
5710
5715
5716
5717
5718
5723
5724
5725
5726
5731
5732
5733
5734
5739
5740
5741
5742
5747
5748
5749
5750
5755
5756
5757
5758
5763
5764
5765
5766
5771
5772
5773
5774
6059
6060
6061
6062
6067
6068
6069
6070
6075
6076
6077
6078
6083
6084
6085
6086
6091
6092
6093
6094
6099
6100
6101
6102
6107
6108
6109
6110
6115
6116
6117
6118
6123
6124
6125
6126
6131
6132
6133
6134
6139
6140
6141
6142
6147
6148
6149
6150
6155
6156
6157
6158
6455
6456
6457
6458
6459
6460
6461
6462
6479
6480
6481
6482
6499
6500
6501
6502
6519
6520
6521
6522
6539
6540
6541
6542
6559
6560
6561
6562
6579
6580
6581
6582
6599
6600
6601
6602
6843
6844
6845
6846
6847
6848
6849
6850
6851
6852
6853
6854
6855
6856
6857
6858
6859
6860
6861
6862
6863
6864
6865
6866
6867
6868
6869
6870
6871
6872
6873
6874
6875
6876
6877
6878
6879
6880
6881
6882
6883
6884
6885
6886
6887
6888
6889
6890
6891
6892
6893
6894
6895
6896
6897
6898
6899
6900
6901
6902
7127
7128
7129
7130
7131
7132
7133
7134
7135
7136
7137
7138
7139
7140
7141
7142
7143
7144
7145
7146
7147
7148
7149
7150
7151
7152
7153
7154
7155
7156
7157
7158
7159
7160
7161
7162
7163
7164
7165
7166
7167
7168
7169
7170
7171
7172
7173
7174
7175
7176
7177
7178
7179
7180
7181
7182
7199
7200
7201
7202
7219
7220
7221
7222
7239
7240
7241
7242
7259
7260
7261
7262
7279
7280
7281
7282
7299
7300
7301
7302
7319
7320
7321
7322
7339
7340
7341
7342
7359
7360
7361
7362
7379
7380
7381
7382
7399
7400
7401
7402
7419
7420
7421
7422
7439
7440
7441
7442
7459
7460
7461
7462
7479
7480
7481
7482
7499
7500
7501
7502
7519
7520
7521
7522
7539
7540
7541
7542
7559
7560
7561
7562
7579
7580
7581
7582
7599
7600
7601
7602
7619
7620
7621
7622
7639
7640
7641
7642
7659
7660
7661
7662
7679
7680
7681
7682
7699
7700
7701
7702
7719
7720
7721
7722
7739
7740
7741
7742
7759
7760
7761
7762
8483
8484
8485
8486
8619
8620
8621
8622
9027
9028
9029
9030
9035
9036
9037
9038
10883
10884
10885
10886
10895
10896
10897
10898
10899
10900
10901
10902
10903
10904
10905
10906
10907
10908
10909
10910
10911
10912
10913
10914
10915
10916
10917
10918
10919
10920
10921
10922
10923
10924
10925
10926
10927
10928
10929
10930
10931
10932
10933
10934
10935
10936
10937
10938
11227
11228
11229
11230
11231
11232
11233
11234
11335
11336
11337
11338
11339
11340
11341
11342
11343
11344
11345
11346
11347
11348
11349
11350
11351
11352
11353
11354
11355
11356
11357
11358
11359
11360
11361
11362
11363
11364
11365
11366
11367
11368
11369
11370
11519
11520
11521
11522
11523
11524
11525
11526
11527
11528
11529
11530
11531
11532
11533
11534
11535
11536
11537
11538
11539
11540
11541
11542
11543
11544
11545
11546
11547
11548
11549
11550
11551
11552
11553
11554
11555
11556
11557
11558
11559
11560
11561
11562
