251
252
253
254
279
280
309
310
311
312
321
322
331
332
341
342
343
344
345
346
371
372
385
386
399
400
413
414
427
428
441
442
455
456
469
470
483
484
497
498
511
512
525
526
539
540
553
554
567
568
569
570
595
596
609
610
623
624
637
638
651
652
665
666
679
680
693
694
707
708
721
722
735
736
749
750
763
764
777
778
791
792
821
822
823
824
833
834
843
844
865
866
867
868
893
894
907
908
911
912
915
916
919
920
923
924
927
928
931
932
935
936
939
940
943
944
947
948
951
952
955
956
959
960
1103
1104
1107
1108
1111
1112
1115
1116
1119
1120
1123
1124
1127
1128
1131
1132
1135
1136
1139
1140
1143
1144
1147
1148
1151
1152
1301
1302
1303
1304
1313
1314
1323
1324
1333
1334
1343
1344
1353
1354
1363
1364
1373
1374
1495
1496
1497
1498
1499
1500
1501
1502
1503
1504
1505
1506
1507
1508
1509
1510
1511
1512
1513
1514
1515
1516
1517
1518
1519
1520
1521
1522
1523
1524
1637
1638
1639
1640
1641
1642
1643
1644
1645
1646
1647
1648
1649
1650
1651
1652
1653
1654
1655
1656
1657
1658
1659
1660
1661
1662
1663
1664
1673
1674
1683
1684
1693
1694
1703
1704
1713
1714
1723
1724
1733
1734
1743
1744
1753
1754
1763
1764
1773
1774
1783
1784
1793
1794
1803
1804
1813
1814
1823
1824
1833
1834
1843
1844
1853
1854
1863
1864
1873
1874
1883
1884
1893
1894
1903
1904
1913
1914
1923
1924
1933
1934
1943
1944
1953
1954
2149
2151
2165
2179
2193
2207
2221
2235
2249
2263
2277
2291
2305
2307
2309
2311
2315
2316
2317
2319
2323
2325
2329
2331
2335
2337
2341
2343
2347
2349
2353
2355
2359
2361
2365
2367
2371
2373
2377
2379
2381
2383
2384
2563
2564
2567
2569
2571
2573
2575
2577
2579
2581
2583
2585
2586
2588
2589
2591
2592
3515
3516
3519
3520
3523
3524
3525
3526
3527
3528
3529
3530
3531
3532
3533
3534
3535
3536
3537
3538
3539
3540
3541
3542
3631
3632
3635
3637
3639
3641
3643
3645
3647
3649
3651
3655
3687
3688
3689
3690
3741
3742
3743
3744
3745
3746
3747
3748
3749
3750
3751
3752
3753
3754
3755
3756
3757
3758
3833
3834
3835
3836
3837
3838
3839
3840
3841
3842
3843
3844
3845
3846
3847
3848
3849
3850
3851
3852
3853
3854
4989
4990
4991
4992
4993
4994
4995
4996
4997
4998
4999
5000
5001
5002
5003
5004
5005
5006
5106
5107
5108
5109
5110
5111
5112
5113
5114
5241
5242
5243
5244
5245
5246
5247
5248
5249
5250
5251
5252
5253
5254
5255
5256
5257
5258
5295
5296
5297
5298
5299
5300
5301
5302
5303
5340
5341
5342
5343
5344
5345
5346
5347
5348
5385
5386
5387
5388
5389
5390
5391
5392
5393
5403
5404
5405
5406
5407
5408
5409
5410
5411
5412
5413
5414
5415
5416
5417
5418
5419
5420
5520
5521
5522
5523
5524
5525
5526
5527
5528
5583
5584
5585
5586
5587
5588
5589
5590
5591
5646
5647
5648
5649
5650
5651
5652
5653
5654
5709
5710
5711
5712
5713
5714
5715
5716
5717
5772
5773
5774
5775
5776
5777
5778
5779
5780
5835
5836
5837
5838
5839
5840
5841
5842
5843
5898
5899
5900
5901
5902
5903
5904
5905
5906
5961
5962
5963
5964
5965
5966
5967
5968
5969
6024
6025
6026
6027
6028
6029
6030
6031
6032
6087
6088
6089
6090
6091
6092
6093
6094
6095
6150
6151
6152
6153
6154
6155
6156
6157
6158
6213
6214
6215
6216
6217
6218
6219
6220
6221
6276
6277
6278
6279
6280
6281
6282
6283
6284
6339
6340
6341
6342
6343
6344
6345
6346
6347
6402
6403
6404
6405
6406
6407
6408
6409
6410
6411
6412
6413
6414
6415
6416
6417
6418
6419
6528
6529
6530
6531
6532
6533
6534
6535
6536
6591
6592
6593
6594
6595
6596
6597
6598
6599
6654
6655
6656
6657
6658
6659
6660
6661
6662
6717
6718
6719
6720
6721
6722
6723
6724
6725
6780
6781
6782
6783
6784
6785
6786
6787
6788
6843
6844
6845
6846
6847
6848
6849
6850
6851
6906
6907
6908
6909
6910
6911
6912
6913
6914
6969
6970
6971
6972
6973
6974
6975
6976
6977
7032
7033
7034
7035
7036
7037
7038
7039
7040
7095
7096
7097
7098
7099
7100
7101
7102
7103
7158
7159
7160
7161
7162
7163
7164
7165
7166
7221
7222
7223
7224
7225
7226
7227
7228
7229
7284
7285
7286
7287
7288
7289
7290
7291
7292
7347
7348
7349
7350
7351
7352
7353
7354
7355
7410
7411
7412
7413
7414
7415
7416
7417
7418
7545
7546
7547
7548
7549
7550
7551
7552
7553
7554
7555
7556
7557
7558
7559
7560
7561
7562
7599
7600
7601
7602
7603
7604
7605
7606
7607
7644
7645
7646
7647
7648
7649
7650
7651
7652
7752
7753
7754
7755
7756
7757
7758
7759
7760
7761
7762
7763
7764
7765
7766
7767
7768
7769
7869
7870
7871
7872
7873
7874
7875
7876
7877
7932
7933
7934
7935
7936
7937
7938
7939
7940
7950
7951
7952
7953
7954
7955
7956
7957
7958
7968
7969
7970
7971
7972
7973
7974
7975
7976
7986
7987
7988
7989
7990
7991
7992
7993
7994
8004
8005
8006
8007
8008
8009
8010
8011
8012
8022
8023
8024
8025
8026
8027
8028
8029
8030
8040
8041
8042
8043
8044
8045
8046
8047
8048
8058
8059
8060
8061
8062
8063
8064
8065
8066
8076
8077
8078
8079
8080
8081
8082
8083
8084
8094
8095
8096
8097
8098
8099
8100
8101
8102
8112
8113
8114
8115
8116
8117
8118
8119
8120
8130
8131
8132
8133
8134
8135
8136
8137
8138
8148
8149
8150
8151
8152
8153
8154
8155
8156
8166
8167
8168
8169
8170
8171
8172
8173
8174
8814
8815
8816
8817
8818
8819
8820
8821
8822
8832
8833
8834
8835
8836
8837
8838
8839
8840
8850
8851
8852
8853
8854
8855
8856
8857
8858
8868
8869
8870
8871
8872
8873
8874
8875
8876
8886
8887
8888
8889
8890
8891
8892
8893
8894
8904
8905
8906
8907
8908
8909
8910
8911
8912
8922
8923
8924
8925
8926
8927
8928
8929
8930
8940
8941
8942
8943
8944
8945
8946
8947
8948
8958
8959
8960
8961
8962
8963
8964
8965
8966
8976
8977
8978
8979
8980
8981
8982
8983
8984
8994
8995
8996
8997
8998
8999
9000
9001
9002
9012
9013
9014
9015
9016
9017
9018
9019
9020
9030
9031
9032
9033
9034
9035
9036
9037
9038
9705
9706
9707
9708
9709
9710
9711
9712
9713
9714
9715
9716
9717
9718
9719
9720
9721
9722
9759
9760
9761
9762
9763
9764
9765
9766
9767
9804
9805
9806
9807
9808
9809
9810
9811
9812
9849
9850
9851
9852
9853
9854
9855
9856
9857
9894
9895
9896
9897
9898
9899
9900
9901
9902
9939
9940
9941
9942
9943
9944
9945
9946
9947
9984
9985
9986
9987
9988
9989
9990
9991
9992
10029
10030
10031
10032
10033
10034
10035
10036
10037
10578
10579
10580
10581
10582
10583
10584
10585
10586
10587
10588
10589
10590
10591
10592
10593
10594
10595
10596
10597
10598
10599
10600
10601
10602
10603
10604
10605
10606
10607
10608
10609
10610
10611
10612
10613
10614
10615
10616
10617
10618
10619
10620
10621
10622
10623
10624
10625
10626
10627
10628
10629
10630
10631
10632
10633
10634
10635
10636
10637
10638
10639
10640
10641
10642
10643
10644
10645
10646
10647
10648
10649
10650
10651
10652
10653
10654
10655
10656
10657
10658
10659
10660
10661
10662
10663
10664
10665
10666
10667
10668
10669
10670
10671
10672
10673
10674
10675
10676
10677
10678
10679
10680
10681
10682
10683
10684
10685
10686
10687
10688
10689
10690
10691
10692
10693
10694
10695
10696
10697
10698
10699
10700
10701
10702
10703
10704
10705
10706
10707
10708
10709
10710
10711
10712
11217
11218
11219
11220
11221
11222
11223
11224
11225
11226
11227
11228
11229
11230
11231
11232
11233
11234
11235
11236
11237
11238
11239
11240
11241
11242
11243
11244
11245
11246
11247
11248
11249
11250
11251
11252
11253
11254
11255
11256
11257
11258
11259
11260
11261
11262
11263
11264
11265
11266
11267
11268
11269
11270
11271
11272
11273
11274
11275
11276
11277
11278
11279
11280
11281
11282
11283
11284
11285
11286
11287
11288
11289
11290
11291
11292
11293
11294
11295
11296
11297
11298
11299
11300
11301
11302
11303
11304
11305
11306
11307
11308
11309
11310
11311
11312
11313
11314
11315
11316
11317
11318
11319
11320
11321
11322
11323
11324
11325
11326
11327
11328
11329
11330
11331
11332
11333
11334
11335
11336
11337
11338
11339
11340
11341
11342
11379
11380
11381
11382
11383
11384
11385
11386
11387
11424
11425
11426
11427
11428
11429
11430
11431
11432
11469
11470
11471
11472
11473
11474
11475
11476
11477
11514
11515
11516
11517
11518
11519
11520
11521
11522
11559
11560
11561
11562
11563
11564
11565
11566
11567
11604
11605
11606
11607
11608
11609
11610
11611
11612
11649
11650
11651
11652
11653
11654
11655
11656
11657
11694
11695
11696
11697
11698
11699
11700
11701
11702
11739
11740
11741
11742
11743
11744
11745
11746
11747
11784
11785
11786
11787
11788
11789
11790
11791
11792
11829
11830
11831
11832
11833
11834
11835
11836
11837
11874
11875
11876
11877
11878
11879
11880
11881
11882
11919
11920
11921
11922
11923
11924
11925
11926
11927
11964
11965
11966
11967
11968
11969
11970
11971
11972
12009
12010
12011
12012
12013
12014
12015
12016
12017
12054
12055
12056
12057
12058
12059
12060
12061
12062
12099
12100
12101
12102
12103
12104
12105
12106
12107
12144
12145
12146
12147
12148
12149
12150
12151
12152
12189
12190
12191
12192
12193
12194
12195
12196
12197
12234
12235
12236
12237
12238
12239
12240
12241
12242
12279
12280
12281
12282
12283
12284
12285
12286
12287
12324
12325
12326
12327
12328
12329
12330
12331
12332
12369
12370
12371
12372
12373
12374
12375
12376
12377
12414
12415
12416
12417
12418
12419
12420
12421
12422
12459
12460
12461
12462
12463
12464
12465
12466
12467
12504
12505
12506
12507
12508
12509
12510
12511
12512
12549
12550
12551
12552
12553
12554
12555
12556
12557
12594
12595
12596
12597
12598
12599
12600
12601
12602
12639
12640
12641
12642
12643
12644
12645
12646
12647
14268
14269
14270
14271
14272
14273
14274
14275
14276
14574
14575
14576
14577
14578
14579
14580
14581
14582
15492
15493
15494
15495
15496
15497
15498
15499
15500
15510
15511
15512
15513
15514
15515
15516
15517
15518
19668
19669
19670
19671
19672
19673
19674
19675
19676
19695
19696
19697
19698
19699
19700
19701
19702
19703
19704
19705
19706
19707
19708
19709
19710
19711
19712
19713
19714
19715
19716
19717
19718
19719
19720
19721
19722
19723
19724
19725
19726
19727
19728
19729
19730
19731
19732
19733
19734
19735
19736
19737
19738
19739
19740
19741
19742
19743
19744
19745
19746
19747
19748
19749
19750
19751
19752
19753
19754
19755
19756
19757
19758
19759
19760
19761
19762
19763
19764
19765
19766
19767
19768
19769
19770
19771
19772
19773
19774
19775
19776
19777
19778
19779
19780
19781
19782
19783
19784
19785
19786
19787
19788
19789
19790
19791
19792
19793
20442
20443
20444
20445
20446
20447
20448
20449
20450
20451
20452
20453
20454
20455
20456
20457
20458
20459
20685
20686
20687
20688
20689
20690
20691
20692
20693
20694
20695
20696
20697
20698
20699
20700
20701
20702
20703
20704
20705
20706
20707
20708
20709
20710
20711
20712
20713
20714
20715
20716
20717
20718
20719
20720
20721
20722
20723
20724
20725
20726
20727
20728
20729
20730
20731
20732
20733
20734
20735
20736
20737
20738
20739
20740
20741
20742
20743
20744
20745
20746
20747
20748
20749
20750
20751
20752
20753
20754
20755
20756
20757
20758
20759
20760
20761
20762
20763
20764
20765
21099
21100
21101
21102
21103
21104
21105
21106
21107
21108
21109
21110
21111
21112
21113
21114
21115
21116
21117
21118
21119
21120
21121
21122
21123
21124
21125
21126
21127
21128
21129
21130
21131
21132
21133
21134
21135
21136
21137
21138
21139
21140
21141
21142
21143
21144
21145
21146
21147
21148
21149
21150
21151
21152
21153
21154
21155
21156
21157
21158
21159
21160
21161
21162
21163
21164
21165
21166
21167
21168
21169
21170
21171
21172
21173
21174
21175
21176
21177
21178
21179
21180
21181
21182
21183
21184
21185
21186
21187
21188
21189
21190
21191
21192
21193
21194
21195
21196
21197
