88
89
90
91
92
93
94
95
96
97
104
111
118
125
132
139
146
219
220
221
222
223
224
225
226
227
228
229
230
303
304
448
449
450
451
452
453
454
455
456
457
458
459
460
461
462
463
464
465
466
631
632
633
634
635
636
637
638
639
640
641
642
643
644
645
646
647
648
775
776
777
778
779
780
781
782
783
784
785
786
787
788
789
856
857
858
859
860
861
862
863
864
865
866
1003
1010
1017
1024
1031
1038
1045
1052
1059
1066
1073
1080
1087
1165
1166
1291
1292
1293
1294
1295
1296
1297
1298
1299
1300
1301
1302
1303
1304
1305
1306
1307
1308
1309
1418
1419
1420
1421
1422
1423
1424
1425
1426
1427
1428
1429
1430
1431
1432
1433
1434
1435
1499
1500
1501
1502
1503
1504
1505
1506
1507
1508
1509
1510
1511
1512
1513
1514
1515
1516
1559
1566
1573
1580
1587
1594
1601
1656
1657
1658
1659
1660
1661
1662
1663
1664
1671
1672
1676
1680
1684
1688
1692
1696
1700
1704
1708
1712
1716
1720
1724
1728
1732
1736
1737
1738
1805
1807
1810
1813
1815
1821
1823
1826
1833
1837
1839
1841
1847
1853
1862
1863
1879
1880
1883
1886
1887
1896
1897
1898
1903
1910
1912
1915
1920
1925
1958
1959
1990
1991
2008
2029
2030
2035
2045
2054
2055
2056
2069
2071
2076
2081
2082
2087
2090
2093
2094
2207
2208
2210
2229
2230
2231
2234
2245
2250
2286
2288
2357
2358
2360
2361
2362
2363
2364
2365
2366
2368
2460
2461
2466
2472
2474
2594
2595
2652
2654
2675
2702
2757
2758
2759
2821
2822
2825
2849
2850
2851
2900
2901
2931
2966
2990
3080
3081
3084
3091
3098
3104
3105
3180
3182
3188
3189
3192
3194
3214
3231
3236
3237
3238
3242
3244
3248
3254
3255
3257
3259
3262
3264
3267
3279
3281
3282
3289
3334
3336
3349
3350
3631
3632
3635
3662
3677
3678
3751
3752
3784
3785
3808
3828
3830
3832
3833
3843
3847
3848
3854
3856
3952
3953
3972
3973
3976
3980
3981
3983
3985
3989
3990
4018
4019
4020
4021
4023
4024
4029
4030
4089
4090
4091
4092
4093
4094
4095
4096
4097
4098
4099
4100
4101
4149
4150
4151
4152
4153
4154
4155
4156
4157
4158
4159
4197
4198
4199
4200
4201
4202
4203
4204
4205
4206
4207
4208
4209
4210
4222
4223
4224
4225
4226
4227
4253
4254
4255
4256
4257
4258
4259
4260
4261
4262
4263
4264
4265
4266
4267
4268
4269
4270
4271
4272
4273
4274
4275
4276
4277
4278
4279
4280
4281
4282
4283
4284
4285
4286
4287
4288
4289
4290
4291
4353
4354
4355
4356
4357
4358
4359
4360
4361
4362
4363
4364
4365
4366
4367
4368
4369
4370
4371
4372
4373
4374
4375
4376
4377
4378
4379
4380
4381
4382
4383
4384
4385
4386
4387
4388
4389
4390
4391
4392
4393
4394
4395
4396
4397
4398
4399
4400
4401
4402
4403
4404
4405
4406
4407
4408
4409
4410
4411
4412
4413
4414
4415
4416
4417
4418
4419
4420
4421
4422
4423
4424
4425
4426
4427
4428
4429
4430
4431
4432
4433
4434
4435
4436
4437
4438
4439
4440
4441
4442
4443
4444
4466
4467
4493
4494
4499
4500
4501
4502
4503
4504
4505
4506
4544
4545
4546
4547
4548
4549
4550
4551
4552
4553
4554
4555
4563
4564
4565
4566
4567
4568
4569
4570
4571
4572
4573
4574
4575
4576
4577
4578
4579
4580
4581
4582
4583
4584
4585
4586
4587
4588
4589
4600
4601
4602
4609
4610
4611
4612
4613
4614
4615
4616
4617
4618
4619
4620
4621
4622
4623
4624
4625
4626
4652
4653
4654
4655
4656
4657
4658
4663
4664
4672
4673
4674
4675
4676
4677
4678
4679
4711
4712
4713
4714
4715
4716
4717
4718
4719
4720
4721
4722
4723
4724
4725
4726
4727
4728
4729
4730
4731
4732
4733
4734
4867
4868
4869
4870
4871
4872
4873
4874
4875
4876
4877
4878
4879
4880
4881
4882
4883
4884
5030
5031
5032
5033
5034
5041
5042
5080
5081
5082
5088
5089
5090
5091
5092
5093
5094
5095
5096
5097
5098
5099
5100
5101
5102
5103
5104
5105
5106
5150
5151
5152
5153
5154
5155
5156
5157
5158
5159
5160
5161
5162
5163
5164
5165
5166
5167
5168
5169
5170
5171
5172
5173
5174
5175
5176
5177
5178
5179
5180
5181
5182
5183
5184
5185
