331
333
335
337
339
341
343
345
347
483
484
485
486
487
488
489
490
491
492
493
494
495
496
497
498
499
500
1093
1094
1095
1096
1097
1098
1099
1100
1101
1102
1103
1104
1105
1106
1107
1108
1109
1110
1111
1112
1113
1114
1115
1116
1117
1118
1119
1120
1121
1122
1123
1124
1125
1126
1127
1128
1129
1130
1131
1132
1133
1134
1135
1136
1137
4827
4828
4829
4830
4831
4832
4833
4834
4998
4999
5000
5001
5002
5003
5004
5005
5709
5712
5715
5718
5721
5724
5727
5730
5944
5946
5947
5948
5949
5950
5951
5952
5953
5954
5955
5956
5957
5958
5959
5960
5961
5972
5973
5974
5975
5976
5977
5978
5979
5980
6953
6955
6957
6958
6959
6961
6962
6963
6964
6965
6966
6967
6968
6970
6971
6972
6973
6974
6975
6976
6977
6979
6980
6981
6982
6983
6984
6985
6986
6988
6989
6990
6991
6992
6993
6994
6995
6997
6998
6999
7000
7001
7002
7003
7004
7006
7007
7008
7009
7010
7011
7012
7013
7015
7016
7017
7018
7019
7020
7021
7022
7024
7025
7026
7027
7028
7029
7030
8536
8537
8538
8539
8540
8541
8542
8544
8545
25772
25773
25776
25777
25778
25779
25780
25781
26717
26718
26719
26720
26722
26723
26724
26725
26727
26728
26729
26730
26732
26733
26734
26735
26737
26738
26739
26740
26742
26743
26744
26745
26747
26748
26749
26750
26752
26753
26754
26755
27290
27291
27292
27293
27294
27295
27296
27297
27308
27309
27310
27311
27312
27313
27314
27315
