1328
1330
1332
1334
1336
1337
1338
1339
1340
1341
1342
1343
1344
1345
1560
1561
1562
1567
1568
1569
1574
1575
1576
1581
1582
1583
1588
1589
1590
1595
1596
1602
1603
1604
1605
1606
1607
1755
1756
1757
1758
1761
1762
1765
1768
1771
1779
1785
1789
4803
4804
4805
4806
4807
4808
4809
4810
4939
4940
4941
4942
4943
4967
4968
4969
4970
4971
4972
4973
4974
5186
5187
5188
5195
7322
7324
7325
7326
7327
7328
7329
7330
7331
7636
7638
7647
7648
7649
7650
7658
7659
7660
7661
7669
7670
7671
7672
7680
7681
7682
7683
7691
7696
7697
7698
7699
7700
7701
7888
7889
7890
7891
7892
7893
7895
7896
7897
7899
7903
7905
7919
7924
8096
8103
8104
8105
8112
8113
8114
8115
8116
26040
26045
26046
26047
26048
26050
26058
26059
26176
26183
26193
26195
26198
26200
26201
26203
26204
26205
26319
26320
26321
26327
26332
26333
26338
26339
26344
26345
26350
26351
26543
26544
26545
26546
