251
252
253
254
279
280
293
294
295
296
297
298
299
300
301
302
303
304
305
306
307
308
309
310
311
312
313
314
315
316
317
318
319
320
321
322
323
324
325
326
327
328
329
330
331
332
333
334
335
336
337
338
339
340
341
342
343
344
345
346
371
372
385
386
399
400
413
414
427
428
441
442
455
456
469
470
483
484
497
498
511
512
525
526
539
540
553
554
567
568
569
570
595
596
609
610
623
624
637
638
651
652
665
666
679
680
693
694
707
708
721
722
735
736
749
750
763
764
777
778
791
792
865
866
867
868
893
894
907
908
911
912
915
916
919
920
923
924
927
928
931
932
935
936
939
940
943
944
947
948
951
952
955
956
959
960
1103
1104
1107
1108
1111
1112
1115
1116
1119
1120
1123
1124
1127
1128
1131
1132
1135
1136
1139
1140
1143
1144
1147
1148
1151
1152
1305
1306
1307
1308
1309
1310
1311
1312
1313
1314
1315
1316
1317
1318
1319
1320
1321
1322
1323
1324
1325
1326
1327
1328
1329
1330
1331
1332
1333
1334
1335
1336
1337
1338
1339
1340
1341
1342
1343
1344
1345
1346
1347
1348
1349
1350
1351
1352
1353
1354
2149
2151
2165
2179
2193
2207
2221
2235
2249
2263
2277
2291
2305
2307
2309
2311
2315
2316
2317
2318
2319
2323
2324
2325
2329
2330
2331
2335
2336
2337
2341
2342
2343
2347
2348
2349
2353
2354
2355
2359
2360
2361
2365
2366
2367
2371
2372
2373
2377
2378
2379
2381
2383
2384
2563
2564
2565
2566
2567
2568
2569
2570
2571
2572
2573
2574
2575
2576
2577
2578
2579
2580
2581
2582
2583
2584
2585
2586
2588
2589
2591
2592
3515
3516
3519
3520
3523
3524
3525
3526
3527
3528
3529
3530
3531
3532
3533
3534
3535
3536
3537
3538
3539
3540
3541
3542
3631
3632
3635
3637
3639
3641
3643
3645
3647
3649
3651
3655
3687
3688
3689
3690
3741
3742
3743
3744
3745
3746
3747
3748
3749
3750
3751
3752
3753
3754
3755
3756
3757
3758
3833
3834
3835
3836
3837
3838
3839
3840
3841
3842
3843
3844
3845
3846
3847
3848
3849
3850
3851
3852
3853
3854
