251
252
253
254
279
280
309
310
311
312
321
322
331
332
341
342
343
344
345
346
371
372
385
386
399
400
413
414
427
428
441
442
455
456
469
470
483
484
497
498
511
512
525
526
539
540
553
554
567
568
569
570
595
596
609
610
623
624
637
638
651
652
665
666
679
680
693
694
707
708
721
722
735
736
749
750
763
764
777
778
791
792
821
822
823
824
833
834
843
844
865
866
867
868
893
894
907
908
911
912
915
916
919
920
923
924
927
928
931
932
935
936
939
940
943
944
947
948
951
952
955
956
959
960
1103
1104
1107
1108
1111
1112
1115
1116
1119
1120
1123
1124
1127
1128
1131
1132
1135
1136
1139
1140
1143
1144
1147
1148
1151
1152
1301
1302
1303
1304
1313
1314
1323
1324
1333
1334
1343
1344
1353
1354
1363
1364
1373
1374
1495
1496
1497
1498
1499
1500
1501
1502
1503
1504
1505
1506
1507
1508
1509
1510
1511
1512
1513
1514
1515
1516
1517
1518
1519
1520
1521
1522
1523
1524
1637
1638
1639
1640
1641
1642
1643
1644
1645
1646
1647
1648
1649
1650
1651
1652
1653
1654
1655
1656
1657
1658
1659
1660
1661
1662
1663
1664
1673
1674
1683
1684
1693
1694
1703
1704
1713
1714
1723
1724
1733
1734
1743
1744
1753
1754
1763
1764
1773
1774
1783
1784
1793
1794
1803
1804
1813
1814
1823
1824
1833
1834
1843
1844
1853
1854
1863
1864
1873
1874
1883
1884
1893
1894
1903
1904
1913
1914
1923
1924
1933
1934
1943
1944
1953
1954
2149
2151
2165
2179
2193
2207
2221
2235
2249
2263
2277
2291
2305
2307
2309
2311
2315
2316
2317
2319
2323
2325
2329
2331
2335
2337
2341
2343
2347
2349
2353
2355
2359
2361
2365
2367
2371
2373
2377
2379
2381
2383
2384
2563
2564
2567
2569
2571
2573
2575
2577
2579
2581
2583
2585
2586
2588
2589
2591
2592
3515
3516
3519
3520
3523
3524
3525
3526
3527
3528
3529
3530
3531
3532
3533
3534
3535
3536
3537
3538
3539
3540
3541
3542
3631
3632
3635
3637
3639
3641
3643
3645
3647
3649
3651
3655
3687
3688
3689
3690
3741
3742
3743
3744
3745
3746
3747
3748
3749
3750
3751
3752
3753
3754
3755
3756
3757
3758
3833
3834
3835
3836
3837
3838
3839
3840
3841
3842
3843
3844
3845
3846
3847
3848
3849
3850
3851
3852
3853
3854
