40
41
42
43
44
45
46
47
98
99
100
105
106
107
112
113
114
119
120
121
126
127
128
1178
1180
1181
1182
1183
1184
1185
1186
1187
1188
1189
1191
1193
1928
1929
1935
1940
1941
1942
1947
1948
1949
1953
2101
2102
2104
4738
4739
4740
4741
4742
4743
4744
4762
4763
4764
4765
4766
4769
4789
4790
4791
4792
4793
4794
4795
5220
5221
5222
5263
5265
5266
5267
5268
5269
5346
5347
5348
5357
5358
5359
5360
5368
5369
5370
5371
5379
5380
5381
5382
5390
5391
5392
5393
7093
7095
7096
7097
7098
7099
7100
7101
7102
8119
8120
8121
8128
8134
8135
8136
8141
8142
8143
8147
8369
8370
8371
8372
8373
8374
8376
8377
8378
8380
8384
8386
8400
8405
25859
25866
25876
25878
25881
25883
25884
25886
25887
25888
26013
26015
26016
26022
26023
26027
26028
26039
26670
26671
26672
26673
27609
27610
27615
27616
27621
27622
27627
27628
27634
27680
27681
27682
