507
509
511
513
515
517
519
521
523
651
652
653
654
655
656
657
658
659
660
661
662
663
664
665
666
667
668
930
931
932
933
934
935
936
937
938
944
945
946
947
948
949
950
951
952
958
959
960
961
962
963
964
965
966
972
973
974
975
976
977
978
979
980
987
988
989
990
991
992
993
994
4333
4334
4335
4336
4337
4338
4339
4842
4843
4844
4845
4846
4847
4848
4849
5988
5991
5994
5997
6000
6003
6006
6009
6229
6231
6232
6233
6234
6235
6236
6237
6238
6239
6240
6241
6242
6243
6244
6245
6246
6263
6264
6265
6266
6267
6268
6269
6270
6271
6666
6668
6670
6672
6674
6676
6678
6680
6692
6693
6694
6695
6696
6697
6698
6699
6700
6701
6702
6703
6704
6705
6706
6707
6708
6719
6720
6721
6722
6723
6724
6725
6726
6727
6728
6729
6730
6731
6732
6733
6734
6735
6746
6747
6748
6749
6750
6751
6752
6753
6754
6755
6756
6757
6758
6759
6760
6761
6762
6770
6771
6772
6773
6774
6775
6776
6777
10098
10104
10111
10115
10116
10117
10118
10119
24889
24890
24891
24892
24893
24897
24905
26853
26854
26855
26856
26857
26858
26859
26867
26868
26869
26870
26871
26872
26873
26874
26881
26882
26883
26884
26885
26886
26887
26888
26895
26896
26897
26898
26899
26900
26901
26902
27134
27135
27136
27137
27138
27139
27140
27141
27152
27153
27154
27155
27156
27157
27158
27159
