8875
8876
8877
8878
8999
9000
9061
9062
9123
9124
9185
9186
9247
9248
9309
9310
9371
9372
9433
9434
9495
9496
9557
9558
9619
9650
9681
9712
9743
9774
9805
9836
9867
9898
9899
9960
9991
10022
10053
10084
10115
10146
10177
10208
10239
10240
10301
10332
10363
10394
10425
10456
10487
10518
10549
10580
10581
10642
10673
10704
10735
10766
10797
10828
10859
10890
10985
10986
10987
10988
11021
11022
11055
11056
11089
11090
11123
11124
11157
11158
11191
11192
11225
11226
11259
11260
11293
11294
11327
11328
11345
11362
11379
11396
11413
11430
11447
11464
11481
11514
11515
11532
11549
11566
11583
11600
11617
11634
11651
11668
11701
11702
11719
11736
11753
11770
11787
11804
11821
11838
11855
11888
11889
11906
11923
11940
11957
11974
11991
12008
12025
12042
12043
12044
12045
12046
12155
12156
12211
12212
12267
12268
12323
12324
12379
12380
12435
12436
12491
12492
12547
12548
12603
12604
12659
12660
12715
12716
12771
12772
12827
12828
12883
12884
12939
12940
12995
12996
13051
13052
13107
13108
13163
13164
13219
13220
13275
13276
13331
13332
13387
13388
13443
13444
13499
13500
13555
13556
13611
13612
13667
13668
13723
13724
13779
13780
13835
13836
13891
13892
13947
13948
14003
14004
14059
14060
14115
14116
14171
14172
14227
14228
14283
14284
14339
14340
14395
14396
14451
14452
14507
14508
14563
14564
14619
14620
14675
14676
14731
14732
14787
14788
14843
14844
14899
14900
14955
14956
15011
15012
15067
15068
15123
15124
15179
15180
15235
15236
15291
15292
15347
15348
15403
15404
15459
15460
15515
15516
15571
15572
15627
15628
15683
15684
15739
15740
15795
15796
15851
15852
15907
15908
15963
15964
16019
16020
16075
16076
16131
16159
16187
16215
16243
16271
16299
16327
16355
16383
16411
16439
16467
16495
16523
16551
16579
16607
16635
16663
16691
16719
16747
16775
16803
16831
16859
16887
16915
16943
16971
16999
17027
17055
17083
17111
17139
17167
17195
17223
17251
17279
17307
17335
17363
17391
17419
17447
17475
17503
17531
17559
17587
17615
17643
17671
17699
17727
17755
17783
17811
17839
17867
17895
17923
17951
17979
18007
18035
18063
18091
18092
18147
18175
18203
18231
18259
18287
18315
18343
18371
18399
18427
18455
18483
18511
18539
18567
18595
18623
18651
18679
18707
18735
18763
18791
18819
18847
18875
18903
18931
18959
18987
19015
19043
19071
19099
19127
19155
19183
19211
19239
19267
19295
19323
19351
19379
19407
19435
19463
19491
19519
19547
19575
19603
19631
19659
19687
19715
19743
19771
19799
19827
19855
19883
19911
19939
19967
19995
20023
20051
20079
20107
20108
20163
20191
20219
20247
20275
20303
20331
20359
20387
20415
20443
20471
20499
20527
20555
20583
20611
20639
20667
20695
20723
20751
20779
20807
20835
20863
20891
20919
20947
20975
21003
21031
21059
21087
21115
21143
21171
21199
21227
21255
21283
21311
21339
21367
21395
21423
21451
21479
21507
21535
21563
21591
21619
21647
21675
21703
21731
21759
21787
21815
21843
21871
21899
21927
21955
21983
22011
22039
22067
22095
22123
22124
22179
22207
22235
22263
22291
22319
22347
22375
22403
22431
22459
22487
22515
22543
22571
22599
22627
22655
22683
22711
22739
22767
22795
22823
22851
22879
22907
22935
22963
22991
23019
23047
23075
23103
23131
23159
23187
23215
23243
23271
23299
23327
23355
23383
23411
23439
23467
23495
23523
23551
23579
23607
23635
23663
23691
23719
23747
23775
23803
23831
23859
23887
23915
23943
23971
23999
24027
24055
24083
24111
24139
24140
24141
24142
24251
24252
24307
24308
24363
24364
24419
24420
24475
24476
24531
24532
24587
24588
24643
24644
24699
24700
24755
24756
24811
24812
24867
24868
24923
24924
24979
24980
25035
25036
25091
25092
25147
25148
25203
25204
25259
25260
25315
25316
25371
25372
25427
25428
25483
25484
25539
25540
25595
25596
25651
25652
25707
25708
25763
25764
25819
25820
25875
25876
25931
25932
25987
25988
26043
26044
26099
26100
26155
26156
26211
26212
26267
26268
26323
26324
26379
26380
26435
26436
26491
26492
26547
26548
26603
26604
26659
26660
26715
26716
26771
26772
26827
26828
26883
26884
26939
26940
26995
26996
27051
27052
27107
27108
27163
27164
27219
27220
27275
27276
27331
27332
27387
27388
27443
27444
27499
27500
27555
27556
27611
27612
27667
27668
27723
27724
27779
27780
27835
27836
27891
27892
27947
27948
28003
28004
28059
28060
28115
28116
28171
28172
28227
28255
28283
28311
28339
28367
28395
28423
28451
28479
28507
28535
28563
28591
28619
28647
28675
28703
28731
28759
28787
28815
28843
28871
28899
28927
28955
28983
29011
29039
29067
29095
29123
29151
29179
29207
29235
29263
29291
29319
29347
29375
29403
29431
29459
29487
29515
29543
29571
29599
29627
29655
29683
29711
29739
29767
29795
29823
29851
29879
29907
29935
29963
29991
30019
30047
30075
30103
30131
30159
30187
30188
30243
30271
30299
30327
30355
30383
30411
30439
30467
30495
30523
30551
30579
30607
30635
30663
30691
30719
30747
30775
30803
30831
30859
30887
30915
30943
30971
30999
31027
31055
31083
31111
31139
31167
31195
31223
31251
31279
31307
31335
31363
31391
31419
31447
31475
31503
31531
31559
31587
31615
31643
31671
31699
31727
31755
31783
31811
31839
31867
31895
31923
31951
31979
32007
32035
32063
32091
32119
32147
32175
32203
32204
32259
32287
32315
32343
32371
32399
32427
32455
32483
32511
32539
32567
32595
32623
32651
32679
32707
32735
32763
32791
32819
32847
32875
32903
32931
32959
32987
33015
33043
33071
33099
33127
33155
33183
33211
33239
33267
33295
33323
33351
33379
33407
33435
33463
33491
33519
33547
33575
33603
33631
33659
33687
33715
33743
33771
33799
33827
33855
33883
33911
33939
33967
33995
34023
34051
34079
34107
34135
34163
34191
34219
34220
34275
34303
34331
34359
34387
34415
34443
34471
34499
34527
34555
34583
34611
34639
34667
34695
34723
34751
34779
34807
34835
34863
34891
34919
34947
34975
35003
35031
35059
35087
35115
35143
35171
35199
35227
35255
35283
35311
35339
35367
35395
35423
35451
35479
35507
35535
35563
35591
35619
35647
35675
35703
35731
35759
35787
35815
35843
35871
35899
35927
35955
35983
36011
36039
36067
36095
36123
36151
36179
36207
36299
36300
36301
36302
36335
36336
36369
36370
36403
36404
36437
36438
36455
36472
36489
36522
36523
36540
36557
36574
36607
36608
36625
36642
36659
36692
36693
36710
36727
36744
36777
36778
36811
36812
36845
36846
36879
36880
36913
36914
36931
36948
36965
36982
36999
37016
37033
37050
37067
37084
37101
37118
37135
37152
37169
37186
37203
37220
37237
37254
38683
38684
38685
38686
38807
38808
38869
38870
38931
38932
38993
38994
39055
39056
39117
39118
39179
39180
39241
39242
39303
39304
39365
39366
39427
39458
39489
39520
39551
39582
39613
39644
39675
39706
39707
39768
39799
39830
39861
39892
39923
39954
39985
40016
40047
40048
40109
40140
40171
40202
40233
40264
40295
40326
40357
40388
40389
40450
40481
40512
40543
40574
40605
40636
40667
40698
40729
40730
40733
40734
40737
40738
40741
40742
40745
40746
40749
40750
40753
40754
40757
40758
40761
40762
40765
40766
40769
40770
40773
40774
40777
40778
40781
40782
40785
40786
40789
40790
40793
40794
40797
40798
40801
40802
40805
40806
40809
40810
40813
40814
40817
40818
40821
40822
40825
40826
40829
40830
40833
40834
40837
40838
40841
40842
40845
40846
40849
40850
40853
40854
40857
40858
40861
40862
40865
40866
40869
40870
40873
40874
40877
40878
40881
40882
40885
40886
40889
40890
40893
40894
40897
40898
40901
40902
40905
40906
40909
40910
40913
40914
40917
40918
40921
40922
40925
40926
40929
40930
40933
40934
40937
40938
40941
40942
40945
40946
40949
40950
40953
40954
40957
40958
40961
40962
44387
44389
44391
44393
44395
44397
44399
44401
44403
44405
44407
44409
44411
44413
44415
44417
44419
44421
44423
44425
44427
44429
44431
44433
44435
44437
44439
44441
44443
44445
44447
44449
44451
44453
44455
44457
44459
44461
44463
44465
44467
44469
44471
44473
44475
44477
44479
44481
44483
44485
44487
44489
44491
44493
44495
44497
44499
44501
44503
46216
46218
46220
46222
46224
46226
46228
46230
46232
46234
46236
46238
46240
46242
46244
46246
46248
46250
46252
46254
46256
46258
46260
46262
46264
46266
46268
46270
46272
46274
46276
46278
46280
46282
46284
46286
46288
46290
46292
46294
46296
46298
46300
46302
46304
46306
46308
46310
46312
46314
46316
46318
46320
46322
46324
46326
46328
46330
46332
48045
48047
48049
48051
48053
48055
48057
48059
48061
48063
48065
48067
48069
48071
48073
48075
48077
48079
48081
48083
48085
48087
48089
48091
48093
48095
48097
48099
48101
48103
48105
48107
48109
48111
48113
48115
48117
48119
48121
48123
48125
48127
48129
48131
48133
48135
48137
48139
48141
48143
48145
48147
48149
48151
48153
48155
48157
48159
48161
49874
49876
49878
49880
49882
49884
49886
49888
49890
49892
49894
49896
49898
49900
49902
49904
49906
49908
49910
49912
49914
49916
49918
49920
49922
49924
49926
49928
49930
49932
49934
49936
49938
49940
49942
49944
49946
49948
49950
49952
49954
49956
49958
49960
49962
49964
49966
49968
49970
49972
49974
49976
49978
49980
49982
49984
49986
49988
49990
51703
51704
51707
51708
51711
51712
51715
51716
51719
51720
51723
51724
51727
51728
51731
51732
51735
51736
51739
51740
51743
51744
51747
51748
51751
51752
51755
51756
51759
51760
51763
51764
51767
51768
51771
51772
51775
51776
51779
51780
51783
51784
51787
51788
51791
51792
51795
51796
51799
51800
51803
51804
51807
51808
51811
51812
51815
51816
51819
51820
51823
51824
51827
51828
51831
51832
51835
51836
51839
51840
51843
51844
51847
51848
51851
51852
51855
51856
51859
51860
51863
51864
51867
51868
51871
51872
51875
51876
51879
51880
51883
51884
51887
51888
51891
51892
51895
51896
51899
51900
51903
51904
51907
51908
51911
51912
51915
51916
51919
51920
51923
51924
51927
51928
51931
51932
51935
51936
51939
51940
51943
51944
55485
55487
55489
55491
55493
55495
55497
55499
55501
55503
55505
55507
55509
55511
55513
55515
55517
55519
55521
55523
55525
55527
55529
55531
55533
55535
55537
55539
55541
55543
55545
55547
55549
55551
55553
55555
55557
55559
55561
55563
55565
55567
55569
55571
55573
55575
55577
55579
55581
55583
55585
55587
55589
55591
55593
55595
55597
55599
55601
55603
55605
57376
57378
57380
57382
57384
57386
57388
57390
57392
57394
57396
57398
57400
57402
57404
57406
57408
57410
57412
57414
57416
57418
57420
57422
57424
57426
57428
57430
57432
57434
57436
57438
57440
57442
57444
57446
57448
57450
57452
57454
57456
57458
57460
57462
57464
57466
57468
57470
57472
57474
57476
57478
57480
57482
57484
57486
57488
57490
57492
57494
57496
59267
59269
59271
59273
59275
59277
59279
59281
59283
59285
59287
59289
59291
59293
59295
59297
59299
59301
59303
59305
59307
59309
59311
59313
59315
59317
59319
59321
59323
59325
59327
59329
59331
59333
59335
59337
59339
59341
59343
59345
59347
59349
59351
59353
59355
59357
59359
59361
59363
59365
59367
59369
59371
59373
59375
59377
59379
59381
59383
59385
59387
61158
61160
61162
61164
61166
61168
61170
61172
61174
61176
61178
61180
61182
61184
61186
61188
61190
61192
61194
61196
61198
61200
61202
61204
61206
61208
61210
61212
61214
61216
61218
61220
61222
61224
61226
61228
61230
61232
61234
61236
61238
61240
61242
61244
61246
61248
61250
61252
61254
61256
61258
61260
61262
61264
61266
61268
61270
61272
61274
61276
61278
63113
63114
63115
63116
63149
63150
63183
63184
63217
63218
63251
63252
63285
63286
63303
63320
63337
63354
63387
63388
63405
63422
63439
63456
63489
63490
63507
63524
63541
63558
63591
63592
63609
63626
63643
63660
63693
63694
63727
63728
63761
63762
63795
63796
63829
63830
63863
63864
63897
63898
63931
63932
63965
63966
63999
64000
64033
64034
64051
64068
64085
64102
64119
64136
64153
64170
64187
64204
64221
64238
64255
64272
64289
64306
64323
64340
64357
64374
64391
64408
64425
64442
64459
64476
64493
64510
64527
64544
64561
64578
64595
64612
64629
64646
64663
64680
64697
64714
64731
64748
64765
64782
64815
64816
64849
64850
64883
64884
64917
64918
64951
64952
64969
64986
65003
65020
65037
65054
65071
65088
65105
65122
65139
65156
65173
65190
65207
65224
65241
65258
65275
65292
67502
67504
67506
67508
67510
67512
67514
67516
67518
67520
67522
67524
67526
67528
67530
67532
67534
67536
67538
67540
67542
67544
67546
67548
67550
67552
67554
67556
67558
67560
67562
67564
67566
67568
67570
67572
67574
67576
67578
67580
67582
67584
67586
67588
67590
67592
67594
67596
67598
67600
67602
67604
67606
67608
67610
67612
67614
67616
67618
67620
67622
67624
67626
67628
67630
67632
67634
67636
67638
72262
72263
72264
72265
72266
72267
72268
72269
72270
72271
72272
72273
72274
72275
72276
72277
72278
72279
72280
72281
72282
72283
72284
72285
72286
72287
72288
72289
72290
72291
72292
72293
72294
72295
72296
72297
72298
72299
72300
72301
72302
72303
72304
72305
72306
72307
72308
72309
72310
72311
72312
72313
72314
72315
72316
72317
72318
72319
72320
72321
72322
72323
72324
72325
72326
72327
72328
72329
72330
74572
74574
74576
74578
74580
74582
74584
74586
74588
74590
74592
74594
74596
74598
74600
74602
74604
74606
74608
74610
74612
74614
74616
74618
74620
74622
74624
74626
74628
74630
74632
74634
74636
74638
74640
74642
74644
74646
74648
74650
74652
74654
74656
74658
74660
74662
74664
74666
74668
74670
74672
74674
74676
74678
74680
74682
74684
74686
74688
74690
74692
74694
74696
74698
74700
74702
74704
74706
74708
74710
79401
79402
79403
79404
79405
79406
79407
79408
79409
79410
79411
79412
79413
79414
79415
79416
79417
79418
79419
79420
79421
79422
79423
79424
79425
79426
79427
79428
79429
79430
79431
79432
79433
79434
79435
79436
79437
79438
79439
79440
79441
79442
79443
79444
79445
79446
79447
79448
79449
79450
79451
79452
79453
79454
79455
79456
79457
79458
79459
79460
79461
79462
79463
79464
79465
79466
79467
79468
79469
79470
79504
79538
79572
79606
79640
79674
79708
79742
79776
79810
79844
79878
79912
79946
79980
80014
80048
80082
80116
80150
80184
80218
80252
80286
80320
80354
80388
80422
80456
80490
80524
80558
80592
80626
80660
80694
80728
80762
80796
80830
80864
80898
80932
80966
81000
81034
81068
81102
81136
81170
81204
81238
81272
81306
81340
81374
81408
81442
81476
81510
81544
81578
81612
81646
81680
81714
81748
81782
81816
81850
85437
85454
85471
85488
85505
85522
85539
85556
85573
85590
85607
85624
85641
85658
85675
85692
85709
85726
85743
85760
85777
85794
85811
85828
85845
85862
85879
85896
85913
85930
85947
85964
85981
85998
86015
86032
86049
86066
86083
86100
86117
86134
86151
86168
86185
86202
86219
86236
86253
86270
86287
86304
86321
86338
86355
86372
86389
86406
86423
86440
86457
86474
86491
86508
86525
86542
86559
86576
86593
86610
86644
86678
86712
86746
86780
86814
86848
86882
86916
86950
86984
87018
87052
87086
87120
87154
87188
87222
87256
87290
87324
87358
87392
87426
87460
87494
87528
87562
87596
87630
87664
87698
87732
87766
87800
87834
87868
87902
87936
87970
88004
88038
88072
88106
88140
88174
88208
88242
88276
88310
88344
88378
88412
88446
88480
88514
88548
88582
88616
88650
88684
88718
88752
88786
88820
88854
88888
88922
88956
88990
89024
92662
92679
92696
92713
92730
92747
92764
92781
92798
92815
92832
92849
92866
92883
92900
92917
92934
92951
92968
92985
93002
93019
93036
93053
93070
93087
93104
93121
93138
93155
93172
93189
93206
93223
93240
93257
93274
93291
93308
93325
93342
93359
93376
93393
93410
93427
93444
93461
93478
93495
93512
93529
93546
93563
93580
93597
93614
93631
93648
93665
93682
93699
93716
93733
93750
93767
93784
93801
93818
93835
93852
101823
101825
101885
101945
102005
102065
102125
102185
102245
102305
102365
102425
102485
102545
102605
102665
102725
102785
102845
102905
102965
103025
103085
103145
103205
103265
103325
103385
103445
103505
103565
103625
103685
103745
103805
103865
103925
103985
104045
104105
104165
104225
104285
104345
104405
104465
104525
104585
104645
104705
104765
104825
104885
104945
105005
105065
105125
105185
105245
105305
105365
105425
105485
105545
113227
113229
113231
113233
113235
113237
113239
113241
113243
113245
113247
113249
113251
113253
113255
113257
113259
113261
113263
113264
113265
113266
113267
113269
113271
113273
113275
113277
113279
113281
113283
113285
113286
113287
113289
113291
113293
113295
113297
113299
113301
113303
113305
113306
113307
113309
113311
113313
113315
113317
113319
113321
113323
113325
113326
113327
113329
113331
113333
113335
113337
113339
113341
113343
113345
113346
113347
113349
113351
113353
113355
113357
113359
113361
113363
113365
113366
113367
113369
113371
113373
113375
113377
113379
113381
113383
113385
113386
113387
113389
113391
113393
113395
113397
113399
113401
113403
113405
113406
113407
113409
113411
113413
113415
113417
113419
113421
113423
113425
113426
113427
113429
113431
113433
113435
113437
113439
113441
113443
113445
113446
113447
113449
113451
113453
113455
113457
113459
113461
113463
113465
113466
113467
113469
113471
113473
113475
113477
113479
113481
113483
113485
113486
113487
113489
113491
113493
113495
113497
113499
113501
113503
113505
113506
113507
113509
113511
113513
113515
113517
113519
113521
113523
113525
113526
113527
113529
113531
113533
113535
113537
113539
113541
113543
113545
113546
113547
113549
113551
113553
113555
113557
113559
113561
113563
113565
113566
113567
113569
113571
113573
113575
113577
113579
113581
113583
113585
113586
113587
113589
113591
113593
113595
113597
113599
113601
113603
113605
113606
113607
113609
113611
113613
113615
113617
113619
113621
113623
113625
113626
113627
113629
113631
113633
113635
113637
113639
113641
113643
113645
113646
113647
113649
113651
113653
113655
113657
113659
113661
113663
113665
113666
113667
113669
113671
113673
113675
113677
113679
113681
113683
113685
113686
113687
113689
113691
113693
113695
113697
113699
113701
113703
113705
113706
113707
113709
113711
113713
113715
113717
113719
113721
113723
113725
113726
113727
113729
113731
113733
113735
113737
113739
113741
113743
113745
113746
113747
113749
113751
113753
113755
113757
113759
113761
113763
113765
113766
113767
113769
113771
113773
113775
113777
113779
113781
113783
113785
113786
113787
113789
113791
113793
113795
113797
113799
113801
113803
113805
113806
113807
113809
113811
113813
113815
113817
113819
113821
113823
113825
113826
113827
113829
113831
113833
113835
113837
113839
113841
113843
113845
113846
113847
113849
113851
113853
113855
113857
113859
113861
113863
113865
113866
113867
113869
113871
113873
113875
113877
113879
113881
113883
113885
113886
113887
113889
113891
113893
113895
113897
113899
113901
113903
113905
113906
113907
113909
113911
113913
113915
113917
113919
113921
113923
113925
113926
113927
113929
113931
113933
113935
113937
113939
113941
113943
113945
113946
113947
113949
113951
113953
113955
113957
113959
113961
113963
113965
113966
113967
113969
113971
113973
113975
113977
113979
113981
113983
113985
113986
113987
113989
113991
113993
113995
113997
113999
114001
114003
114005
114006
114007
114009
114011
114013
114015
114017
114019
114021
114023
114025
114026
114027
114029
114031
114033
114035
114037
114039
114041
114043
114045
114046
114047
114049
114051
114053
114055
114057
114059
114061
114063
114065
114066
114067
114069
114071
114073
114075
114077
114079
114081
114083
114085
114086
114087
114089
114091
114093
114095
114097
114099
114101
114103
114105
114106
114107
114109
114111
114113
114115
114117
114119
114121
114123
114125
114126
114127
114129
114131
114133
114135
114137
114139
114141
114143
114145
114146
114147
114149
114151
114153
114155
114157
114159
114161
114163
114165
114166
114167
114169
114171
114173
114175
114177
114179
114181
114183
114185
114186
114187
114189
114191
114193
114195
114197
114199
114201
114203
114205
114206
114207
114209
114211
114213
114215
114217
114219
114221
114223
114225
114226
114227
114229
114231
114233
114235
114237
114239
114241
114243
114245
114246
114247
114249
114251
114253
114255
114257
114259
114261
114263
114265
114266
114267
114269
114271
114273
114275
114277
114279
114281
114283
114285
114286
114287
114289
114291
114293
114295
114297
114299
114301
114303
114305
114306
114307
114309
114311
114313
114315
114317
114319
114321
114323
114325
114326
114327
114329
114331
114333
114335
114337
114339
114341
114343
114345
114346
114347
114349
114351
114353
114355
114357
114359
114361
114363
114365
114366
114367
114369
114371
114373
114375
114377
114379
114381
114383
114385
114386
114387
114389
114391
114393
114395
114397
114399
114401
114403
114405
114406
114407
114409
114411
114413
114415
114417
114419
114421
114423
114425
114426
114427
114429
114431
114433
114435
114437
114439
114441
114443
114445
114446
114447
114449
114451
114453
114455
114457
114459
114461
114463
114465
114466
114467
114469
114471
114473
114475
114477
114479
114481
114483
114485
114486
114487
114489
114491
114493
114495
114497
114499
114501
114503
114505
114506
114525
114526
114536
114546
114556
114566
114576
114586
114596
114606
114616
114626
114636
114646
114656
114666
114676
114686
114696
114706
114716
114726
114736
114746
114756
114766
114776
114786
114796
114806
114816
114826
114836
114846
114856
114866
114876
114886
114896
114906
114916
114926
114936
114946
114956
114966
114976
114986
114996
115006
115016
115026
115036
115046
115056
115066
115076
115086
115096
115106
115116
115126
115136
115146
115165
115166
115176
115186
115196
115206
115216
115226
115236
115246
115256
115266
115276
115286
115296
115306
115316
115326
115336
115346
115356
115366
115376
115386
115396
115406
115416
115426
115436
115446
115456
115466
115476
115486
115496
115506
115516
115526
115536
115546
115556
115566
115576
115586
115596
115606
115616
115626
115636
115646
115656
115666
115676
115686
115696
115706
115716
115726
115736
115746
115756
115766
115776
115786
115805
115806
115816
115826
115836
115846
115856
115866
115876
115886
115896
115906
115916
115926
115936
115946
115956
115966
115976
115986
115996
116006
116016
116026
116036
116046
116056
116066
116076
116086
116096
116106
116116
116126
116136
116146
116156
116166
116176
116186
116196
116206
116216
116226
116236
116246
116256
116266
116276
116286
116296
116306
116316
116326
116336
116346
116356
116366
116376
116386
116396
116406
116416
116426
116445
116446
116456
116466
116476
116486
116496
116506
116516
116526
116536
116546
116556
116566
116576
116586
116596
116606
116616
116626
116636
116646
116656
116666
116676
116686
116696
116706
116716
116726
116736
116746
116756
116766
116776
116786
116796
116806
116816
116826
116836
116846
116856
116866
116876
116886
116896
116906
116916
116926
116936
116946
116956
116966
116976
116986
116996
117006
117016
117026
117036
117046
117056
117066
128203
128204
128205
128206
128211
128212
128215
128216
128219
128220
128223
128224
128227
128228
128231
128232
128235
128236
128239
128240
128243
128244
128247
128248
128251
128252
128255
128256
128259
128260
128263
128264
128267
128268
128271
128272
128275
128276
128279
128280
128283
128284
128287
128288
128291
128292
128295
128296
128299
128300
128303
128304
128307
128308
128311
128312
128315
128316
128319
128320
128323
128324
128327
128328
128331
128332
128335
128336
128339
128340
128343
128344
128347
128348
128351
128352
128355
128356
128359
128360
128363
128364
128367
128368
128371
128372
128375
128376
128379
128380
128383
128384
128387
128388
128391
128392
128395
128396
128399
128400
128403
128404
128407
128408
128411
128412
128415
128416
128419
128420
128423
128424
128427
128428
128431
128433
128435
128437
128439
128441
128443
128445
128447
128449
128451
128453
128455
128457
128459
128461
128463
128465
128467
128469
128471
128473
128475
128477
128479
128481
128483
128485
128487
128489
128491
128493
128495
128497
128499
128501
128503
128505
128507
128509
128511
128513
128515
128517
128519
128521
128523
128525
128527
128529
128531
128533
128535
128537
128538
128541
128542
128545
128547
128549
128551
128553
128555
128557
128559
128561
128563
128565
128567
128569
128571
128573
128575
128577
128579
128581
128583
128585
128587
128589
128591
128593
128595
128597
128599
128601
128603
128605
128607
128609
128611
128613
128615
128617
128619
128621
128623
128625
128627
128629
128631
128633
128635
128637
128639
128641
128643
128645
128647
128649
128651
128653
128655
128657
128658
128661
128663
128665
128667
128668
128671
128673
128675
128677
128679
128681
128683
128685
128687
128689
128691
128693
128695
128697
128699
128701
128703
128705
128707
128709
128711
128713
128715
128717
128719
128721
128723
128725
128727
128729
128731
128733
128735
128737
128739
128741
128743
128745
128747
128749
128751
128753
128755
128757
128759
128761
128763
128765
128767
128769
128771
128773
128775
128777
128779
128780
128783
128785
128787
128789
128791
128793
128794
128797
128799
128801
128803
128805
128807
128809
128811
128813
128815
128817
128819
128821
128823
128825
128827
128829
128831
128833
128835
128837
128839
128841
128843
128845
128847
128849
128851
128853
128855
128857
128859
128861
128863
128865
128867
128869
128871
128873
128875
128877
128879
128881
128883
128885
128887
128889
128891
128893
128895
128897
128899
128900
128903
128905
128907
128909
128911
128913
128914
128915
128919
128921
128923
128925
128927
128929
128931
128933
128935
128937
128939
128941
128943
128945
128947
128949
128951
128953
128955
128957
128959
128961
128963
128965
128967
128969
128971
128973
128975
128977
128979
128981
128983
128985
128987
128989
128991
128993
128995
128997
128999
129001
129003
129005
129007
129009
129011
129013
129015
129017
129019
129021
129023
129025
129027
129029
129031
129033
129035
129037
129039
129040
129041
129042
129043
129044
129045
129046
129047
129048
129049
129050
129051
129052
129053
129054
129055
129056
129057
129058
129059
129060
129061
129062
129063
129064
129065
129066
129067
129068
129069
129070
129071
129072
129073
129074
129075
129076
129077
129078
129079
129080
129081
129082
129083
129084
129085
129086
129087
129088
129089
129090
129091
129092
129093
129094
129095
129096
129097
129098
129099
129100
129101
129102
129103
129104
129105
129106
129107
129108
129109
129110
129111
129112
129113
129114
129115
129116
129117
129118
129119
129120
129121
129122
129123
129124
129125
129126
129127
129128
129129
129130
129131
129132
129133
129134
129135
129136
129137
129138
129139
129140
129141
129142
129143
129144
129145
129146
129147
129148
129149
129150
129151
129152
129154
129155
129157
129159
129161
129163
129165
129167
129169
129171
129173
129175
129177
129179
129181
129183
129185
129186
129605
129606
129607
129608
129609
129610
129611
129612
129613
129614
129615
129616
129617
129618
129619
129620
129621
129622
129623
129624
129625
129626
129627
129628
129629
129630
129631
129632
129633
129634
129635
129636
129637
129638
129639
129640
129641
129642
129643
129644
129645
129646
129647
129648
129649
129650
129651
129652
129653
129654
129655
129656
129657
129658
129659
129660
129662
129678
130097
130098
130099
130100
130101
130102
130103
130104
130105
130106
130107
130108
130109
130110
130111
130112
130113
130114
130115
130116
130117
130118
130119
130120
130121
130122
130123
130124
130125
130126
130127
130128
130129
130130
130131
130132
130133
130134
130135
130136
130137
130138
130139
130140
130141
130142
130143
130144
130145
130146
130147
130148
130149
130150
130151
130152
130154
130170
130589
130590
130591
130592
130593
130594
130595
130596
130597
130598
130599
130600
130601
130602
130603
130604
130605
130606
130607
130608
130609
130610
130611
130612
130613
130614
130615
130616
130617
130618
130619
130620
130621
130622
130623
130624
130625
130626
130627
130628
130629
130630
130631
130632
130633
130634
130635
130636
130637
130638
130639
130640
130641
130642
130643
130644
130646
130662
131081
131082
131083
131084
131085
131086
131087
131088
131089
131090
131091
131092
131093
131094
131095
131096
131097
131098
131099
131100
131101
131102
131103
131104
131105
131106
131107
131108
131109
131110
131111
131112
131113
131114
131115
131116
131117
131118
131119
131120
131121
131122
131123
131124
131125
131126
131127
131128
131129
131130
131131
131132
131133
131134
131135
131136
131138
131154
186087
186088
186089
186090
186091
186092
186093
186094
186095
186096
186097
186098
186099
186100
186101
186102
186103
186104
186105
186106
186107
186108
186109
186110
186111
186112
186113
186114
186115
186116
186117
186118
186119
186120
186121
186122
186123
186124
186125
186126
186127
186128
186129
186130
186131
186132
186133
186134
186135
186136
186137
186138
186139
186140
186141
186142
186143
186144
186145
186146
186147
186148
186149
186150
186151
186152
186153
186154
186155
186156
186157
186158
186159
186160
186161
186162
186163
186164
186165
186166
186167
186168
186169
186170
186171
186172
186173
186174
186175
186176
186177
186178
186179
186180
186181
186182
186183
186184
186185
186186
186187
186188
186189
186190
186191
186192
186193
186194
186195
186196
186197
186198
186199
186200
186201
186202
186203
186204
186205
186206
186207
186208
186209
186210
186211
186212
187714
187715
187716
187717
187718
187719
187720
187721
187722
187723
187724
187725
187726
187727
187728
187729
187730
187731
187732
187733
187734
187735
187736
187737
187738
187739
187740
187741
187742
187743
187744
187745
187746
187747
187748
187749
187750
187751
187752
187753
187754
187755
187756
187757
187758
187759
187760
187761
187762
187763
187764
187765
187766
187767
187768
187769
187770
187771
187772
187773
187774
187775
187776
189278
189279
189280
189281
189282
189283
189284
189285
189286
189287
189288
189289
189290
189291
189292
189293
189294
189295
189296
189297
189298
189299
189300
189301
189302
189303
189304
189305
189306
189307
189308
189309
189310
189311
189312
189313
189314
189315
189316
189317
189318
189319
189320
189321
189322
189323
189324
189325
189326
189327
189328
189329
189330
189331
189332
189333
189334
189335
189336
189337
189338
189339
189340
190842
190843
190844
190845
190846
190847
190848
190849
190850
190851
190852
190853
190854
190855
190856
190857
190858
190859
190860
190861
190862
190863
190864
190865
190866
190867
190868
190869
190870
190871
190872
190873
190874
190875
190876
190877
190878
190879
190880
190881
190882
190883
190884
190885
190886
190887
190888
190889
190890
190891
190892
190893
190894
190895
190896
190897
190898
190899
190900
190901
190902
190903
190904
192406
192407
192408
192409
192410
192411
192412
192413
192414
192415
192416
192417
192418
192419
192420
192421
192422
192423
192424
192425
192426
192427
192428
192429
192430
192431
192432
192433
192434
192435
192436
192437
192438
192439
192440
192441
192442
192443
192444
192445
192446
192447
192448
192449
192450
192451
192452
192453
192454
192455
192456
192457
192458
192459
192460
192461
192462
192463
192464
192465
192466
192467
192468
195441
195442
195443
195444
195445
195446
195447
195448
195449
195450
195451
195452
195453
195454
195455
195456
195457
195458
195459
195460
195461
195462
195463
195464
195465
195466
195467
195468
195469
195470
195471
195472
195473
195474
195475
195476
195477
195478
195479
195480
195481
195482
195483
195484
195485
195486
195487
195488
195489
195490
195491
195492
195493
195494
195495
195496
195497
195498
195499
195500
195501
195502
195503
195504
195505
195506
195507
195508
195509
195510
195511
195512
195513
195514
195515
195516
195517
195518
195519
195520
195521
195522
195523
195524
195525
195526
195527
195528
195529
195530
195531
195532
195533
195534
195535
195536
195537
195538
195539
195540
195541
195542
195543
195544
195545
195546
195547
195548
195549
195550
195551
195552
195553
195554
195555
195556
195557
195558
195559
195560
195561
195562
195563
195564
195565
195566
197053
197054
197055
197056
197057
197058
197059
197060
197061
197062
197063
197064
197065
197066
197067
197068
197069
197070
197071
197072
197073
197074
197075
197076
197077
197078
197079
197080
197081
197082
197083
197084
197085
197086
197087
197088
197089
197090
197091
197092
197093
197094
197095
197096
197097
197098
197099
197100
197101
197102
197103
197104
197105
197106
197107
197108
197109
197110
197111
197112
197113
197114
197115
198602
198603
198604
198605
198606
198607
198608
198609
198610
198611
198612
198613
198614
198615
198616
198617
198618
198619
198620
198621
198622
198623
198624
198625
198626
198627
198628
198629
198630
198631
198632
198633
198634
198635
198636
198637
198638
198639
198640
198641
198642
198643
198644
198645
198646
198647
198648
198649
198650
198651
198652
198653
198654
198655
198656
198657
198658
198659
198660
198661
198662
198663
198664
200151
200152
200153
200154
200155
200156
200157
200158
200159
200160
200161
200162
200163
200164
200165
200166
200167
200168
200169
200170
200171
200172
200173
200174
200175
200176
200177
200178
200179
200180
200181
200182
200183
200184
200185
200186
200187
200188
200189
200190
200191
200192
200193
200194
200195
200196
200197
200198
200199
200200
200201
200202
200203
200204
200205
200206
200207
200208
200209
200210
200211
200212
200213
204517
204518
204519
204520
204521
204522
204523
204524
204525
204526
204527
204528
204529
204530
204531
204532
204533
204534
204535
204536
204537
204538
204539
204540
204541
204542
204543
204544
204545
204546
204547
204548
204549
204550
204551
204552
204553
204554
204555
204556
204557
204558
204559
204560
204561
204562
204563
204564
204565
204566
204567
204568
204569
204570
204571
204572
204573
204574
204575
204576
204577
204578
204579
204580
204581
204582
204583
204584
204585
204586
204587
204588
204589
204590
204591
204592
204593
204594
204595
204596
204597
204598
204599
204600
204601
204602
204603
204604
204605
204606
204607
204608
204609
204610
204611
204612
204613
204614
204615
204616
204617
204618
204619
204620
204621
204622
206000
206001
206002
206003
206004
206005
206006
206007
206008
206009
206010
206011
206012
206013
206014
206015
206016
206017
206018
206019
206020
206021
206022
206023
206024
206025
206026
206027
206028
206029
206030
206031
206032
206033
206034
206035
206036
206037
206038
206039
206040
206041
206042
206043
206044
206045
206046
206047
206048
206049
206050
206051
206052
207430
207431
207432
207433
207434
207435
207436
207437
207438
207439
207440
207441
207442
207443
207444
207445
207446
207447
207448
207449
207450
207451
207452
207453
207454
207455
207456
207457
207458
207459
207460
207461
207462
207463
207464
207465
207466
207467
207468
207469
207470
207471
207472
207473
207474
207475
207476
207477
207478
207479
207480
207481
207482
208860
208861
208862
208863
208864
208865
208866
208867
208868
208869
208870
208871
208872
208873
208874
208875
208876
208877
208878
208879
208880
208881
208882
208883
208884
208885
208886
208887
208888
208889
208890
208891
208892
208893
208894
208895
208896
208897
208898
208899
208900
208901
208902
208903
208904
208905
208906
208907
208908
208909
208910
208911
208912
210290
210291
210292
210293
210294
210295
210296
210297
210298
210299
210300
210301
210302
210303
210304
210305
210306
210307
210308
210309
210310
210311
210312
210313
210314
210315
210316
210317
210318
210319
210320
210321
210322
210323
210324
210325
210326
210327
210328
210329
210330
210331
210332
210333
210334
210335
210336
210337
210338
210339
210340
210341
210342
213055
213056
213057
213058
213059
213060
213061
213062
213063
213064
213065
213066
213067
213068
213069
213070
213071
213072
213073
213074
213075
213076
213077
213078
213079
213080
213081
213082
213083
213084
213085
213086
213087
213088
213089
213090
213091
213092
213093
213094
213095
213096
213097
213098
213099
213100
213101
213102
213103
213104
213105
213106
213107
213108
213109
213110
213111
213112
213113
213114
213115
213116
213117
213118
213119
213120
213121
213122
213123
213124
213125
213126
213127
213128
213129
213130
213131
213132
213133
213134
213135
213136
213137
213138
213139
213140
213141
213142
213143
213144
213145
213146
213147
213148
213149
213150
213151
213152
213153
213154
213155
213156
213157
213158
213159
213160
213161
213162
214519
214520
214521
214522
214523
214524
214525
214526
214527
214528
214529
214530
214531
214532
214533
214534
214535
214536
214537
214538
214539
214540
214541
214542
214543
214544
214545
214546
214547
214548
214549
214550
214551
214552
214553
214554
214555
214556
214557
214558
214559
214560
214561
214562
214563
214564
214565
214566
214567
214568
214569
214570
214571
214572
215929
215930
215931
215932
215933
215934
215935
215936
215937
215938
215939
215940
215941
215942
215943
215944
215945
215946
215947
215948
215949
215950
215951
215952
215953
215954
215955
215956
215957
215958
215959
215960
215961
215962
215963
215964
215965
215966
215967
215968
215969
215970
215971
215972
215973
215974
215975
215976
215977
215978
215979
215980
215981
215982
217339
217340
217341
217342
217343
217344
217345
217346
217347
217348
217349
217350
217351
217352
217353
217354
217355
217356
217357
217358
217359
217360
217361
217362
217363
217364
217365
217366
217367
217368
217369
217370
217371
217372
217373
217374
217375
217376
217377
217378
217379
217380
217381
217382
217383
217384
217385
217386
217387
217388
217389
217390
217391
217392
218749
218750
218751
218752
218753
218754
218755
218756
218757
218758
218759
218760
218761
218762
218763
218764
218765
218766
218767
218768
218769
218770
218771
218772
218773
218774
218775
218776
218777
218778
218779
218780
218781
218782
218783
218784
218785
218786
218787
218788
218789
218790
218791
218792
218793
218794
218795
218796
218797
218798
218799
218800
218801
218802
