-0.6373	0.2371	0.13
-0.64396	0.24456	0.13
-0.64425	0.24488	0.10306
-0.64915	0.25036	0.10984
-0.65689	0.21958	0.13
-0.66578	0.22505	0.13
-0.66426	0.22702	0.10304
-0.67124	0.23063	0.10982
-0.67747	0.20118	0.13
-0.68869	0.20457	0.13
-0.68528	0.20825	0.10301
-0.69444	0.20991	0.1098
-0.6979	0.18292	0.13
-0.71143	0.18423	0.13
-0.70615	0.18963	0.10298
-0.71747	0.18934	0.10979
-0.71845	0.16454	0.13
-0.73431	0.16377	0.13
-0.72714	0.17089	0.10296
-0.74065	0.16864	0.10977
-0.66396	0.26692	0.09
-0.66396	0.26692	0.1
-0.68484	0.24825	0.09
-0.68665	0.24663	0.1
-0.70677	0.22864	0.09
-0.7105	0.22531	0.1
-0.72854	0.20918	0.09
-0.73416	0.20416	0.1
-0.75045	0.18959	0.09
-0.75797	0.18286	0.1
-0.6373	0.2371	0.25
-0.64396	0.24456	0.25
-0.6373	0.2371	0.22682
-0.64396	0.24456	0.22682
-0.65689	0.21958	0.25
-0.66578	0.22505	0.25
-0.65689	0.21958	0.22682
-0.66578	0.22505	0.22682
-0.67747	0.20118	0.25
-0.68869	0.20457	0.25
-0.67747	0.20118	0.22682
-0.68869	0.20457	0.22682
-0.6979	0.18292	0.25
-0.71143	0.18423	0.25
-0.6979	0.18292	0.22682
-0.71143	0.18423	0.22682
-0.71845	0.16454	0.25
-0.73431	0.16377	0.25
-0.71845	0.16454	0.22682
-0.73431	0.16377	0.22682
-0.6373	0.2371	0.20162
-0.64396	0.24456	0.20162
-0.65689	0.21958	0.20162
-0.66578	0.22505	0.20162
-0.67747	0.20118	0.20162
-0.68869	0.20457	0.20162
-0.6979	0.18292	0.20162
-0.71143	0.18423	0.20162
-0.71845	0.16454	0.20162
-0.73431	0.16377	0.20162
-0.6373	0.2371	0.17624
-0.64396	0.24456	0.17624
-0.65689	0.21958	0.17624
-0.66578	0.22505	0.17624
-0.67747	0.20118	0.17624
-0.68869	0.20457	0.17624
-0.6979	0.18292	0.17624
-0.71143	0.18423	0.17624
-0.71845	0.16454	0.17624
-0.73431	0.16377	0.17624
-0.6373	0.2371	0.15206
-0.64396	0.24456	0.15206
-0.65689	0.21958	0.15206
-0.66578	0.22505	0.15206
-0.67747	0.20118	0.15206
-0.68869	0.20457	0.15206
-0.6979	0.18292	0.15206
-0.71143	0.18423	0.15206
-0.71845	0.16454	0.15206
-0.73431	0.16377	0.15206
-0.66396	0.26692	0.29
-0.66396	0.26692	0.28
-0.64391	0.2445	0.27637
-0.64889	0.25007	0.26972
-0.68484	0.24825	0.29
-0.68665	0.24663	0.28
-0.6639	0.22665	0.2764
-0.67097	0.23035	0.26974
-0.70677	0.22864	0.29
-0.7105	0.22531	0.28
-0.68491	0.20791	0.27642
-0.69416	0.20964	0.26976
-0.72854	0.20918	0.29
-0.73416	0.20416	0.28
-0.70575	0.1893	0.27645
-0.71717	0.18908	0.26977
-0.75045	0.18959	0.29
-0.75797	0.18286	0.28
-0.72673	0.17058	0.27648
-0.74033	0.16839	0.26979
-0.74394	0.35638	0.29
-0.74394	0.35638	0.28
-0.72565	0.33592	0.29
-0.72565	0.33592	0.28
-0.76482	0.33771	0.29
-0.76664	0.33608	0.28
-0.74705	0.31681	0.29
-0.74885	0.3152	0.28
-0.78676	0.3181	0.29
-0.79048	0.31477	0.28
-0.76953	0.29674	0.29
-0.77322	0.29343	0.28
-0.80853	0.29863	0.29
-0.81414	0.29361	0.28
-0.79183	0.27682	0.29
-0.79741	0.27183	0.28
-0.83044	0.27904	0.29
-0.83795	0.27232	0.28
-0.81428	0.25677	0.29
-0.82175	0.25008	0.28
-0.70531	0.31316	0.29
-0.70531	0.31317	0.28
-0.7269	0.29386	0.29
-0.7287	0.29225	0.28
-0.74959	0.27358	0.29
-0.75328	0.27028	0.28
-0.7721	0.25345	0.29
-0.77767	0.24847	0.28
-0.79476	0.23319	0.29
-0.80222	0.22652	0.28
-0.68398	0.28931	0.29
-0.68398	0.28931	0.28
-0.70539	0.27015	0.29
-0.70719	0.26854	0.28
-0.72787	0.25002	0.29
-0.73157	0.24672	0.28
-0.75019	0.23005	0.29
-0.75577	0.22506	0.28
-0.77265	0.20994	0.29
-0.78013	0.20326	0.28
-0.77061	0.3862	0.25
-0.76394	0.37874	0.25
-0.76214	0.37673	0.27924
-0.75757	0.37162	0.27195
-0.7902	0.36868	0.25
-0.78575	0.35924	0.25
-0.7822	0.35876	0.27926
-0.7797	0.35182	0.27197
-0.81078	0.35027	0.25
-0.80867	0.33875	0.25
-0.80327	0.33988	0.27928
-0.80294	0.33101	0.27198
-0.83121	0.33201	0.25
-0.83141	0.31842	0.25
-0.82419	0.32115	0.2793
-0.826	0.31037	0.272
-0.85176	0.31363	0.25
-0.85429	0.29795	0.25
-0.84524	0.30229	0.27933
-0.84922	0.28959	0.27201
-0.77061	0.3862	0.13
-0.76394	0.37874	0.13
-0.77061	0.3862	0.15944
-0.76394	0.37874	0.15944
-0.7902	0.36868	0.13
-0.78575	0.35924	0.13
-0.7902	0.36868	0.15944
-0.78575	0.35924	0.15944
-0.81078	0.35027	0.13
-0.80867	0.33875	0.13
-0.81078	0.35027	0.15944
-0.80867	0.33875	0.15944
-0.83121	0.33201	0.13
-0.83141	0.31842	0.13
-0.83121	0.33201	0.15944
-0.83141	0.31842	0.15944
-0.85176	0.31363	0.13
-0.85429	0.29795	0.13
-0.85176	0.31363	0.15944
-0.85429	0.29795	0.15944
-0.77061	0.3862	0.19039
-0.76394	0.37874	0.19039
-0.7902	0.36868	0.19039
-0.78575	0.35924	0.19039
-0.81078	0.35027	0.19039
-0.80867	0.33875	0.19039
-0.83121	0.33201	0.19039
-0.83141	0.31842	0.19039
-0.85176	0.31363	0.19039
-0.85429	0.29795	0.19039
-0.77061	0.3862	0.22161
-0.76394	0.37874	0.22161
-0.7902	0.36868	0.22161
-0.78575	0.35924	0.22161
-0.81078	0.35027	0.22161
-0.80867	0.33875	0.22161
-0.83121	0.33201	0.22161
-0.83141	0.31842	0.22161
-0.85176	0.31363	0.22161
-0.85429	0.29795	0.22161
-0.74394	0.35638	0.09
-0.74394	0.35638	0.1
-0.76245	0.37707	0.1012
-0.75781	0.37189	0.10839
-0.76482	0.33771	0.09
-0.76664	0.33608	0.1
-0.78249	0.35912	0.10118
-0.77993	0.3521	0.10837
-0.78676	0.3181	0.09
-0.79048	0.31477	0.1
-0.80355	0.34026	0.10116
-0.80316	0.3313	0.10836
-0.80853	0.29863	0.09
-0.81414	0.29361	0.1
-0.82445	0.32154	0.10113
-0.82621	0.31067	0.10834
-0.83044	0.27904	0.09
-0.83795	0.27232	0.1
-0.84548	0.3027	0.10111
-0.84941	0.2899	0.10833
0.66578	0.22505	0.13
0.64396	0.24456	0.13
0.67207	0.23148	0.10859
0.64994	0.25124	0.10861
0.65689	0.21958	0.13
0.6373	0.2371	0.13
0.66533	0.2281	0.10146
0.64526	0.24601	0.10148
0.68666	0.24663	0.1
0.66396	0.26692	0.1
0.68484	0.24825	0.09
0.66396	0.26692	0.09
0.68869	0.20457	0.13
0.69531	0.21072	0.10858
0.67747	0.20118	0.13
0.68641	0.20929	0.10143
0.71049	0.22531	0.1
0.70677	0.22864	0.09
0.71143	0.18423	0.13
0.71838	0.19011	0.10856
0.6979	0.18292	0.13
0.70733	0.19061	0.10141
0.73416	0.20415	0.1
0.72854	0.20917	0.09
0.73431	0.16377	0.13
0.74159	0.16938	0.10855
0.71845	0.16454	0.13
0.72838	0.17182	0.10139
0.75797	0.18286	0.1
0.75045	0.18959	0.09
0.53142	0.30214	0.046528
0.52882	0.30117	0.036528
0.56456	0.31602	0.028048
0.56195	0.31482	0.018053
0.53142	0.2648	0.046528
0.52882	0.2621	0.036528
0.5645	0.27794	0.028083
0.56189	0.27503	0.018088
0.53142	0.22834	0.046528
0.52882	0.22396	0.036528
0.56444	0.24075	0.028118
0.56183	0.23618	0.018122
0.53142	0.19188	0.046528
0.52882	0.18581	0.036528
0.56437	0.20357	0.028153
0.56177	0.19732	0.018157
0.53142	0.15542	0.046528
0.52882	0.14766	0.036528
0.56431	0.16638	0.028188
0.56171	0.15847	0.018191
0.53142	0.11896	0.046528
0.52882	0.10951	0.036528
0.56425	0.12919	0.028223
0.56164	0.11961	0.018225
0.53142	0.083258	0.046528
0.52882	0.072148	0.036528
0.56419	0.092775	0.028257
0.56158	0.081562	0.018259
0.59693	0.33247	0.01
0.59433	0.33103	-1.4211e-16
0.59693	0.29332	0.01
0.59433	0.29019	0
0.59693	0.25508	0.01
0.59433	0.2503	0
0.59693	0.21685	0.01
0.59433	0.21042	0
0.59693	0.17861	0.01
0.59433	0.17053	0
0.59693	0.14038	0.01
0.59433	0.13065	0
0.59693	0.10294	0.01
0.59433	0.091588	-2.5087e-16
0.59433	0.091588	0.21296
0.60433	0.091588	0.21296
0.59433	0.091588	0.19117
0.60433	0.091588	0.19117
0.59433	0.12024	0.21296
0.60433	0.12024	0.21296
0.59433	0.12024	0.19117
0.60433	0.12024	0.19117
0.59433	0.15345	0.21296
0.60433	0.15345	0.21296
0.59433	0.15345	0.19117
0.60433	0.15345	0.19117
0.59433	0.19021	0.21296
0.60433	0.19021	0.21296
0.59433	0.19021	0.19117
0.60433	0.19021	0.19117
0.59433	0.21977	0.21296
0.60433	0.21977	0.21296
0.59433	0.21977	0.19117
0.60433	0.21977	0.19117
0.59433	0.091588	0.16862
0.60433	0.091588	0.16862
0.59433	0.12024	0.16862
0.60433	0.12024	0.16862
0.59433	0.15345	0.16862
0.60433	0.15345	0.16862
0.59433	0.19021	0.16862
0.60433	0.19021	0.16862
0.59433	0.21977	0.16862
0.60433	0.21977	0.16862
0.59433	0.091588	0.14548
0.60433	0.091588	0.14548
0.59433	0.12024	0.14548
0.60433	0.12024	0.14548
0.59433	0.15345	0.14548
0.60433	0.15345	0.14548
0.59433	0.19021	0.14548
0.60433	0.19021	0.14548
0.59433	0.21977	0.14548
0.60433	0.21977	0.14548
0.59433	0.091588	0.12503
0.60433	0.091588	0.12503
0.59433	0.12024	0.12503
0.60433	0.12024	0.12503
0.59433	0.15345	0.12503
0.60433	0.15345	0.12503
0.59433	0.19021	0.12503
0.60433	0.19021	0.12503
0.59433	0.21977	0.12503
0.60433	0.21977	0.12503
0.51132	0.29507	0.36504
0.51132	0.29507	0.37528
0.47866	0.28474	0.35817
0.47866	0.28474	0.36837
0.5247	0.26274	0.368
0.5252	0.26115	0.37836
0.49119	0.25222	0.36075
0.49167	0.25063	0.37107
0.53806	0.23042	0.37103
0.53907	0.22724	0.38152
0.50371	0.21971	0.3634
0.50466	0.21651	0.37383
0.5514	0.19809	0.37413
0.55291	0.19333	0.38477
0.51621	0.18719	0.36612
0.51764	0.1824	0.37667
0.56472	0.16577	0.37732
0.56674	0.15941	0.3881
0.5287	0.15467	0.3689
0.5306	0.14828	0.37958
0.57803	0.13345	0.38057
0.58054	0.1255	0.39151
0.54117	0.12216	0.37175
0.54354	0.11417	0.38256
0.59132	0.10112	0.38391
0.59433	0.091588	0.395
0.55363	0.089641	0.37466
0.55646	0.08005	0.38561
0.44461	0.27477	0.3515
0.44461	0.27477	0.36168
0.45626	0.24206	0.35372
0.45671	0.24046	0.364
0.4679	0.20936	0.35601
0.46879	0.20614	0.36638
0.47953	0.17665	0.35834
0.48086	0.17183	0.36882
0.49114	0.14395	0.36074
0.49291	0.13752	0.37133
0.50274	0.11124	0.36319
0.50495	0.10321	0.37389
0.51433	0.078537	0.3657
0.51697	0.068892	0.37652
0.41127	0.26577	0.34547
0.41128	0.26578	0.35562
0.42206	0.2329	0.34736
0.42248	0.23128	0.3576
0.43284	0.20002	0.34931
0.43367	0.19679	0.35963
0.44361	0.16714	0.35131
0.44484	0.1623	0.36172
0.45436	0.13427	0.35336
0.45601	0.1278	0.36386
0.46511	0.10139	0.35545
0.46716	0.09331	0.36605
0.47584	0.068511	0.3576
0.47829	0.058816	0.3683
0.37894	0.25776	0.34008
0.37895	0.25777	0.3502
0.38889	0.22473	0.34168
0.38928	0.22311	0.35188
0.39883	0.1917	0.34334
0.3996	0.18845	0.35361
0.40876	0.15867	0.34503
0.40991	0.1538	0.35538
0.41868	0.12564	0.34676
0.4202	0.11914	0.35719
0.42859	0.092605	0.34854
0.43049	0.084489	0.35905
0.43849	0.059573	0.35036
0.44076	0.049833	0.36095
0.34639	0.2504	0.3351
0.3464	0.2504	0.34521
0.35549	0.21722	0.33645
0.35585	0.21559	0.34661
0.36459	0.18405	0.33783
0.36529	0.18079	0.34805
0.37367	0.15087	0.33924
0.37472	0.14598	0.34953
0.38275	0.1177	0.34069
0.38414	0.11118	0.35104
0.39182	0.08452	0.34217
0.39355	0.07637	0.35259
0.40087	0.051344	0.34368
0.40295	0.041563	0.35418
0.31363	0.24369	0.33056
0.31364	0.24369	0.34065
0.32188	0.21038	0.33166
0.32221	0.20874	0.3418
0.33012	0.17707	0.33279
0.33077	0.1738	0.34298
0.33836	0.14376	0.33395
0.33931	0.13885	0.34418
0.34658	0.11045	0.33513
0.34785	0.10391	0.34542
0.3548	0.077146	0.33634
0.35638	0.068963	0.34669
0.36301	0.043837	0.33758
0.3649	0.034017	0.34799
0.27983	0.23749	0.32635
0.27984	0.23749	0.33642
0.2872	0.20406	0.32723
0.28749	0.20241	0.33734
0.29456	0.17062	0.32813
0.29513	0.16734	0.33827
0.30191	0.13719	0.32905
0.30276	0.13226	0.33923
0.30925	0.10376	0.32999
0.31039	0.097189	0.34022
0.31659	0.070328	0.33095
0.31801	0.062114	0.34123
0.32392	0.036896	0.33194
0.32561	0.027039	0.34226
0.24503	0.23187	0.32253
0.24504	0.23187	0.33258
0.25149	0.19832	0.3232
0.25175	0.19667	0.33328
0.25794	0.16478	0.32389
0.25844	0.16148	0.334
0.26438	0.13123	0.32459
0.26513	0.12629	0.33474
0.27082	0.097685	0.32531
0.27181	0.091092	0.33549
0.27725	0.064139	0.32605
0.27849	0.055898	0.33626
0.28367	0.030593	0.32681
0.28516	0.020704	0.33706
0.21009	0.22699	0.31921
0.2101	0.22699	0.32924
0.21563	0.19335	0.3197
0.21586	0.19169	0.32976
0.22117	0.1597	0.3202
0.2216	0.1564	0.33029
0.22669	0.12606	0.32072
0.22734	0.1211	0.33083
0.23222	0.092411	0.32125
0.23307	0.085799	0.33138
0.23774	0.058766	0.32179
0.2388	0.050501	0.33195
0.24325	0.025121	0.32235
0.24452	0.015202	0.33253
0.17539	0.2229	0.31641
0.1754	0.22291	0.32644
0.18001	0.18917	0.31675
0.1802	0.18752	0.3268
0.18464	0.15545	0.31711
0.185	0.15213	0.32716
0.18925	0.12172	0.31747
0.1898	0.11675	0.32754
0.19387	0.087987	0.31784
0.19458	0.081359	0.32793
0.19848	0.054257	0.31821
0.19937	0.045972	0.32832
0.20308	0.020528	0.3186
0.20415	0.010585	0.32873
0.14044	0.21955	0.31411
0.14045	0.21955	0.32413
0.14415	0.18575	0.31433
0.1443	0.18409	0.32436
0.14785	0.15195	0.31455
0.14814	0.14862	0.32459
0.15155	0.11815	0.31478
0.15198	0.11316	0.32483
0.15524	0.084345	0.31502
0.15582	0.077703	0.32508
0.15894	0.050545	0.31526
0.15965	0.042242	0.32533
0.16262	0.016745	0.31551
0.16348	0.0067815	0.32559
0.1053	0.21693	0.31231
0.10531	0.21693	0.32232
0.10809	0.18307	0.31243
0.1082	0.18141	0.32245
0.11086	0.14922	0.31256
0.11108	0.14589	0.32258
0.11364	0.11536	0.31269
0.11397	0.11037	0.32272
0.11641	0.081503	0.31282
0.11684	0.07485	0.32286
0.11918	0.047646	0.31296
0.11972	0.03933	0.323
0.12195	0.013789	0.3131
0.12259	0.00381	0.32314
0.070058	0.21507	0.31102
0.070063	0.21507	0.32103
0.071909	0.18117	0.31108
0.071985	0.1795	0.32108
0.073759	0.14727	0.31113
0.073905	0.14394	0.32114
0.075606	0.11337	0.31119
0.075823	0.10838	0.3212
0.077451	0.079474	0.31125
0.077738	0.072813	0.32126
0.079293	0.045576	0.31131
0.079652	0.03725	0.32133
0.081134	0.011677	0.31137
0.081562	0.0016863	0.32139
0.034829	0.21396	0.31025
0.034832	0.21396	0.32025
0.03575	0.18004	0.31027
0.035788	0.17837	0.32027
0.03667	0.14611	0.31028
0.036743	0.14278	0.32028
0.037588	0.11219	0.31029
0.037696	0.10719	0.3203
0.038506	0.078264	0.31031
0.038649	0.071599	0.32031
0.039422	0.04434	0.31032
0.0396	0.036008	0.32033
0.040337	0.010415	0.31034
0.04055	0.0004173	0.32034
5.8326e-16	0.21362	0.31
0	0.21362	0.32
7.4167e-10	0.17968	0.31
2.5267e-16	0.17801	0.32
1.4833e-09	0.14574	0.31
2.5267e-16	0.14241	0.32
2.225e-09	0.11181	0.31
2.5267e-16	0.10681	0.32
2.9667e-09	0.077872	0.31
2.5267e-16	0.071206	0.32
3.7084e-09	0.043936	0.31
2.5267e-16	0.035603	0.32
4.4501e-09	0.01	0.31
0	0	0.32
-0.51132	0.29507	0.37528
-0.51132	0.29507	0.36504
-0.48252	0.28592	0.36916
-0.48252	0.28592	0.35895
-0.5252	0.26115	0.37836
-0.5247	0.26274	0.368
-0.49563	0.25183	0.3719
-0.49515	0.25343	0.36158
-0.53907	0.22724	0.38152
-0.53806	0.23042	0.37103
-0.50873	0.21774	0.37471
-0.50777	0.22093	0.36427
-0.55291	0.19333	0.38477
-0.5514	0.19809	0.37413
-0.5218	0.18365	0.3776
-0.52037	0.18844	0.36703
-0.56674	0.15941	0.3881
-0.56472	0.16577	0.37732
-0.53487	0.14955	0.38056
-0.53296	0.15594	0.36986
-0.58054	0.1255	0.39151
-0.57803	0.13345	0.38057
-0.54791	0.11546	0.38359
-0.54553	0.12345	0.37276
-0.59433	0.091588	0.395
-0.59132	0.10112	0.38391
-0.56093	0.08137	0.38669
-0.55808	0.090955	0.37572
-0.45265	0.27705	0.36321
-0.45264	0.27705	0.35303
-0.46496	0.24278	0.36562
-0.46451	0.24439	0.35533
-0.47726	0.20852	0.36809
-0.47635	0.21173	0.3577
-0.48954	0.17425	0.37062
-0.48819	0.17906	0.36012
-0.50181	0.13998	0.37322
-0.50001	0.1464	0.36261
-0.51406	0.10571	0.37588
-0.51182	0.11374	0.36515
-0.52629	0.071447	0.37861
-0.52361	0.081079	0.36775
-0.42307	0.26887	0.35771
-0.42307	0.26887	0.34755
-0.43459	0.23444	0.3598
-0.43416	0.23605	0.34956
-0.4461	0.20001	0.36196
-0.44525	0.20323	0.35162
-0.45759	0.16558	0.36417
-0.45632	0.17042	0.35373
-0.46907	0.13115	0.36643
-0.46738	0.1376	0.3559
-0.48053	0.096718	0.36876
-0.47842	0.10478	0.35812
-0.49198	0.062287	0.37113
-0.48946	0.071964	0.36039
-0.39419	0.26145	0.3527
-0.39418	0.26145	0.34256
-0.40493	0.22687	0.35452
-0.40453	0.22849	0.3443
-0.41566	0.19229	0.35639
-0.41487	0.19553	0.34609
-0.42638	0.15771	0.3583
-0.42519	0.16257	0.34793
-0.43708	0.12313	0.36027
-0.43551	0.12961	0.3498
-0.44778	0.088553	0.36228
-0.44581	0.096652	0.35173
-0.45846	0.053972	0.36434
-0.4561	0.063691	0.35369
-0.36557	0.25465	0.3481
-0.36556	0.25465	0.33798
-0.37554	0.21994	0.34966
-0.37516	0.22156	0.33947
-0.3855	0.18522	0.35126
-0.38476	0.18847	0.34101
-0.39545	0.1505	0.35291
-0.39434	0.15537	0.34259
-0.40538	0.11578	0.3546
-0.40391	0.12228	0.3442
-0.41531	0.08106	0.35632
-0.41348	0.08919	0.34585
-0.42522	0.046341	0.35809
-0.42303	0.056098	0.34754
-0.33679	0.24836	0.34382
-0.33677	0.24836	0.33372
-0.34598	0.21351	0.34515
-0.34563	0.21514	0.33499
-0.35516	0.17866	0.34651
-0.35447	0.18192	0.33629
-0.36433	0.14381	0.3479
-0.36331	0.14871	0.33763
-0.37349	0.10897	0.34933
-0.37214	0.11549	0.339
-0.38265	0.074117	0.3508
-0.38095	0.082277	0.3404
-0.39179	0.039268	0.3523
-0.38976	0.049061	0.34183
-0.30769	0.24255	0.33987
-0.30768	0.24254	0.32978
-0.3161	0.20758	0.34097
-0.31578	0.20921	0.33084
-0.32449	0.17261	0.34211
-0.32386	0.17588	0.33193
-0.33288	0.13764	0.34327
-0.33194	0.14255	0.33304
-0.34126	0.10267	0.34446
-0.34001	0.10922	0.33418
-0.34962	0.067699	0.34568
-0.34807	0.075887	0.33535
-0.35798	0.032729	0.34693
-0.35613	0.042556	0.33654
-0.2778	0.23714	0.33618
-0.27779	0.23714	0.32612
-0.28539	0.20206	0.33708
-0.2851	0.2037	0.32698
-0.29298	0.16697	0.33801
-0.29241	0.17026	0.32786
-0.30055	0.13189	0.33895
-0.29971	0.13682	0.32877
-0.30812	0.096809	0.33992
-0.307	0.10338	0.3297
-0.31569	0.061726	0.34092
-0.31428	0.069941	0.33065
-0.32324	0.026644	0.34194
-0.32156	0.036502	0.33162
-0.24709	0.23218	0.33279
-0.24708	0.23218	0.32274
-0.25385	0.19699	0.33351
-0.25359	0.19864	0.32342
-0.2606	0.1618	0.33424
-0.2601	0.1651	0.32412
-0.26735	0.12662	0.33498
-0.26659	0.13156	0.32484
-0.27409	0.091429	0.33575
-0.27308	0.09802	0.32557
-0.28082	0.056241	0.33654
-0.27957	0.064481	0.32632
-0.28754	0.021054	0.33734
-0.28604	0.030941	0.32709
-0.21628	0.2278	0.3298
-0.21627	0.2278	0.31976
-0.2222	0.19252	0.33034
-0.22197	0.19417	0.32028
-0.22811	0.15724	0.3309
-0.22767	0.16054	0.32081
-0.23402	0.12196	0.33147
-0.23336	0.12691	0.32136
-0.23992	0.086675	0.33206
-0.23904	0.093283	0.32192
-0.24582	0.051394	0.33266
-0.24472	0.059655	0.3225
-0.25171	0.016113	0.33328
-0.25039	0.026026	0.32308
-0.18562	0.22403	0.32721
-0.18561	0.22403	0.31718
-0.1907	0.18867	0.32761
-0.1905	0.19032	0.31757
-0.19578	0.15331	0.32802
-0.19539	0.15662	0.31796
-0.20085	0.11794	0.32845
-0.20028	0.12291	0.31836
-0.20592	0.082582	0.32888
-0.20516	0.089206	0.31878
-0.21098	0.04722	0.32932
-0.21004	0.0555	0.3192
-0.21604	0.011857	0.32977
-0.21491	0.021794	0.31963
-0.15485	0.22084	0.32502
-0.15484	0.22084	0.315
-0.15909	0.18541	0.3253
-0.15893	0.18707	0.31526
-0.16333	0.14998	0.32558
-0.16301	0.15329	0.31554
-0.16757	0.11454	0.32588
-0.16709	0.11952	0.31582
-0.1718	0.079111	0.32618
-0.17116	0.085747	0.31611
-0.17602	0.043679	0.32648
-0.17523	0.051975	0.3164
-0.18024	0.0082464	0.3268
-0.1793	0.018202	0.3167
-0.12392	0.21822	0.32321
-0.12392	0.21822	0.3132
-0.12732	0.18273	0.32339
-0.12719	0.18439	0.31337
-0.13071	0.14724	0.32357
-0.13046	0.15056	0.31354
-0.1341	0.11175	0.32376
-0.13372	0.11673	0.31372
-0.13749	0.076259	0.32395
-0.13698	0.082906	0.31391
-0.14087	0.040768	0.32415
-0.14024	0.049078	0.3141
-0.14425	0.0052777	0.32435
-0.1435	0.015249	0.31429
-0.092877	0.21618	0.3218
-0.092872	0.21619	0.3118
-0.095425	0.18065	0.3219
-0.095325	0.18231	0.31189
-0.09797	0.14511	0.32201
-0.097776	0.14844	0.31199
-0.10051	0.10957	0.32211
-0.10022	0.11457	0.31209
-0.10305	0.074037	0.32222
-0.10267	0.080693	0.31219
-0.10559	0.0385	0.32233
-0.10511	0.04682	0.3123
-0.10812	0.002963	0.32244
-0.10755	0.012947	0.31241
-0.061776	0.21474	0.3208
-0.061772	0.21474	0.3108
-0.063471	0.17917	0.32084
-0.063405	0.18083	0.31084
-0.065165	0.1436	0.32089
-0.065035	0.14693	0.31088
-0.066856	0.10802	0.32093
-0.066664	0.11302	0.31093
-0.068545	0.072454	0.32098
-0.068291	0.079116	0.31097
-0.070232	0.036883	0.32103
-0.069916	0.04521	0.31102
-0.071917	0.0013113	0.32108
-0.071539	0.011304	0.31107
-0.030734	0.21388	0.3202
-0.030733	0.21388	0.3102
-0.031578	0.17829	0.32021
-0.031545	0.17996	0.31021
-0.032421	0.1427	0.32022
-0.032356	0.14603	0.31022
-0.033262	0.1071	0.32023
-0.033167	0.1121	0.31023
-0.034103	0.071511	0.32024
-0.033976	0.078177	0.31024
-0.034942	0.035918	0.32026
-0.034785	0.04425	0.31025
-0.03578	0.00032497	0.32027
-0.035592	0.010323	0.31026
0.56933	0.083877	0.23796
0.56933	0.094323	0.24796
0.58805	0.089619	0.22952
0.59554	0.10248	0.23615
0.56933	0.11197	0.23796
0.56933	0.12008	0.24796
0.58802	0.1181	0.22956
0.5955	0.1288	0.2362
0.56933	0.14453	0.23796
0.56933	0.14993	0.24796
0.58799	0.1511	0.2296
0.59545	0.1593	0.23626
0.56933	0.18058	0.23796
0.56933	0.18299	0.24796
0.58795	0.18765	0.22964
0.59539	0.19306	0.23632
0.56933	0.20956	0.23796
0.56933	0.20956	0.24796
0.58792	0.21703	0.22968
0.59534	0.22022	0.23638
0.58791	0.089573	0.1083
0.59534	0.10241	0.10161
0.58787	0.11805	0.10827
0.59529	0.12873	0.10156
0.58784	0.15105	0.10823
0.59524	0.15922	0.1015
0.5878	0.18759	0.10818
0.59518	0.19298	0.10143
0.58777	0.21697	0.10815
0.59513	0.22013	0.10138
0.56933	0.083877	0.10003
0.56933	0.094323	0.090028
0.56933	0.11197	0.10003
0.56933	0.12008	0.090028
0.56933	0.14453	0.10003
0.56933	0.14993	0.090028
0.56933	0.18058	0.10003
0.56933	0.18299	0.090028
0.56933	0.20956	0.10003
0.56933	0.20956	0.090028
-0.68828	0.29412	0.09
-0.68827	0.29412	0.1
-0.70975	0.2749	0.09
-0.71155	0.27328	0.1
-0.73231	0.2547	0.09
-0.73601	0.2514	0.1
-0.7547	0.23466	0.09
-0.76027	0.22968	0.1
-0.77724	0.2145	0.09
-0.7847	0.20782	0.1
-0.71576	0.32485	0.09
-0.71576	0.32485	0.1
-0.7373	0.3056	0.09
-0.7391	0.304	0.1
-0.75992	0.28539	0.09
-0.76362	0.28209	0.1
-0.78238	0.26532	0.09
-0.78795	0.26035	0.1
-0.80498	0.24513	0.09
-0.81244	0.23846	0.1
-0.59693	0.33247	0.01
-0.59433	0.33103	-1.4211e-16
-0.56324	0.31541	0.028784
-0.56063	0.31422	0.018788
-0.59693	0.29332	0.01
-0.59433	0.29019	0
-0.56318	0.27737	0.028819
-0.56057	0.27447	0.018823
-0.59693	0.25508	0.01
-0.59433	0.2503	0
-0.56312	0.24022	0.028854
-0.56051	0.23565	0.018858
-0.59693	0.21685	0.01
-0.59433	0.21042	0
-0.56306	0.20307	0.028888
-0.56045	0.19683	0.018892
-0.59693	0.17861	0.01
-0.59433	0.17053	0
-0.56299	0.16591	0.028923
-0.56039	0.15801	0.018926
-0.59693	0.14038	0.01
-0.59433	0.13065	0
-0.56293	0.12876	0.028957
-0.56033	0.11919	0.01896
-0.59693	0.10294	0.01
-0.59433	0.091588	-2.5087e-16
-0.56287	0.09238	0.028991
-0.56027	0.081172	0.018994
-0.53142	0.30214	0.046528
-0.52882	0.30117	0.036528
-0.53142	0.2648	0.046528
-0.52882	0.2621	0.036528
-0.53142	0.22834	0.046528
-0.52882	0.22396	0.036528
-0.53142	0.19188	0.046528
-0.52882	0.18581	0.036528
-0.53142	0.15542	0.046528
-0.52882	0.14766	0.036528
-0.53142	0.11896	0.046528
-0.52882	0.10951	0.036528
-0.53142	0.083258	0.046528
-0.52882	0.072148	0.036528
-0.49235	0.28898	0.036528
-0.4948	0.28975	0.046528
-0.49227	0.25031	0.036528
-0.49472	0.25282	0.046528
-0.45552	0.27788	0.036528
-0.4578	0.27854	0.046528
-0.45539	0.23953	0.036528
-0.45767	0.24193	0.046528
-0.41845	0.26764	0.036528
-0.42055	0.2682	0.046528
-0.41828	0.22961	0.036528
-0.42038	0.23189	0.046528
-0.38114	0.25829	0.036528
-0.38307	0.25875	0.046528
-0.38095	0.22053	0.036528
-0.38287	0.22271	0.046528
-0.34362	0.24981	0.036528
-0.34537	0.25018	0.046528
-0.34342	0.2123	0.036528
-0.34516	0.21439	0.046528
-0.30592	0.24221	0.036528
-0.30748	0.2425	0.046528
-0.30571	0.20493	0.036528
-0.30727	0.20694	0.046528
-0.26805	0.2355	0.036528
-0.26941	0.23572	0.046528
-0.26784	0.19842	0.036528
-0.26921	0.20036	0.046528
-0.23003	0.22968	0.036528
-0.2312	0.22984	0.046528
-0.22984	0.19277	0.036528
-0.23102	0.19465	0.046528
-0.19188	0.22475	0.036528
-0.19287	0.22487	0.046528
-0.19171	0.18799	0.036528
-0.1927	0.18982	0.046528
-0.15363	0.22072	0.036528
-0.15442	0.2208	0.046528
-0.15349	0.18409	0.036528
-0.15428	0.18587	0.046528
-0.1153	0.2176	0.036528
-0.11589	0.21764	0.046528
-0.11519	0.18105	0.036528
-0.11578	0.1828	0.046528
-0.076899	0.21537	0.036528
-0.077295	0.21539	0.046528
-0.076824	0.17888	0.036528
-0.07722	0.18061	0.046528
-0.03846	0.21404	0.036528
-0.038658	0.21405	0.046528
-0.038422	0.17759	0.036528
-0.03862	0.1793	0.046528
-9.0026e-11	0.21362	0.036528
-6.8775e-07	0.21362	0.046528
-7.467e-11	0.17718	0.036528
-5.6968e-07	0.17889	0.046528
-0.49219	0.21254	0.036528
-0.49464	0.21675	0.046528
-0.45526	0.20209	0.036528
-0.45754	0.20618	0.046528
-0.41812	0.19246	0.036528
-0.42022	0.19643	0.046528
-0.38076	0.18365	0.036528
-0.38268	0.18752	0.046528
-0.34322	0.17567	0.036528
-0.34496	0.17945	0.046528
-0.30551	0.16852	0.036528
-0.30706	0.17221	0.046528
-0.26765	0.16221	0.036528
-0.26901	0.16583	0.046528
-0.22966	0.15673	0.036528
-0.23083	0.16028	0.046528
-0.19155	0.1521	0.036528
-0.19253	0.15559	0.046528
-0.15335	0.1483	0.036528
-0.15414	0.15176	0.046528
-0.11508	0.14536	0.036528
-0.11567	0.14877	0.046528
-0.076751	0.14326	0.036528
-0.077147	0.14665	0.046528
-0.038385	0.142	0.036528
-0.038583	0.14538	0.046528
-5.9674e-11	0.1416	0.036528
-4.5438e-07	0.14497	0.046528
-0.49211	0.17478	0.036528
-0.49456	0.18068	0.046528
-0.45514	0.16465	0.036528
-0.45741	0.17043	0.046528
-0.41795	0.15531	0.036528
-0.42005	0.16097	0.046528
-0.38057	0.14678	0.036528
-0.38249	0.15233	0.046528
-0.34302	0.13905	0.036528
-0.34476	0.1445	0.046528
-0.3053	0.13212	0.036528
-0.30686	0.13749	0.046528
-0.26745	0.126	0.036528
-0.26881	0.13129	0.046528
-0.22947	0.12069	0.036528
-0.23065	0.12592	0.046528
-0.19139	0.1162	0.036528
-0.19237	0.12137	0.046528
-0.15322	0.11252	0.036528
-0.154	0.11764	0.046528
-0.11497	0.10967	0.036528
-0.11557	0.11475	0.046528
-0.076678	0.10763	0.036528
-0.077074	0.11269	0.046528
-0.038348	0.10641	0.036528
-0.038546	0.11145	0.046528
-4.4678e-11	0.10601	0.036528
-3.3907e-07	0.11105	0.046528
-0.49204	0.13701	0.036528
-0.49448	0.14461	0.046528
-0.45501	0.1272	0.036528
-0.45728	0.13467	0.046528
-0.41779	0.11817	0.036528
-0.41989	0.12552	0.046528
-0.38038	0.10991	0.036528
-0.3823	0.11714	0.046528
-0.34282	0.10242	0.036528
-0.34455	0.10956	0.046528
-0.3051	0.095713	0.036528
-0.30665	0.10276	0.046528
-0.26725	0.08979	0.036528
-0.26862	0.096755	0.046528
-0.22929	0.084652	0.036528
-0.23046	0.091548	0.046528
-0.19122	0.080303	0.036528
-0.19221	0.08714	0.046528
-0.15308	0.076743	0.036528
-0.15387	0.083532	0.046528
-0.11487	0.073975	0.036528
-0.11546	0.080726	0.046528
-0.076605	0.071999	0.036528
-0.077001	0.078724	0.046528
-0.038311	0.070818	0.036528
-0.038509	0.077526	0.046528
-2.9682e-11	0.07043	0.036528
-2.2377e-07	0.077133	0.046528
-0.49196	0.099245	0.036528
-0.4944	0.10854	0.046528
-0.45488	0.089761	0.036528
-0.45715	0.098923	0.046528
-0.41762	0.081022	0.036528
-0.41972	0.090058	0.046528
-0.3802	0.073031	0.036528
-0.38211	0.081952	0.046528
-0.34262	0.065792	0.036528
-0.34435	0.074609	0.046528
-0.3049	0.059307	0.036528
-0.30645	0.06803	0.046528
-0.26705	0.05358	0.036528
-0.26842	0.06222	0.046528
-0.2291	0.048612	0.036528
-0.23028	0.05718	0.046528
-0.19106	0.044405	0.036528
-0.19204	0.052913	0.046528
-0.15294	0.040962	0.036528
-0.15373	0.04942	0.046528
-0.11476	0.038284	0.036528
-0.11535	0.046703	0.046528
-0.076532	0.036371	0.036528
-0.076928	0.044762	0.046528
-0.038274	0.035225	0.036528
-0.038472	0.0436	0.046528
-1.4686e-11	0.034846	0.036528
-1.0846e-07	0.043215	0.046528
-0.49188	0.062262	0.036528
-0.49432	0.073221	0.046528
-0.45476	0.053093	0.036528
-0.45703	0.063912	0.046528
-0.41746	0.044645	0.036528
-0.41956	0.055334	0.046528
-0.38001	0.036921	0.036528
-0.38193	0.047491	0.046528
-0.34242	0.029924	0.036528
-0.34415	0.040386	0.046528
-0.3047	0.023656	0.036528
-0.30625	0.034022	0.046528
-0.26686	0.01812	0.036528
-0.26822	0.028401	0.046528
-0.22892	0.013318	0.036528
-0.2301	0.023524	0.046528
-0.1909	0.0092519	0.036528
-0.19188	0.019395	0.046528
-0.15281	0.0059229	0.036528
-0.15359	0.016015	0.046528
-0.11466	0.0033323	0.036528
-0.11525	0.013384	0.046528
-0.076461	0.0014813	0.036528
-0.076856	0.011504	0.046528
-0.038238	0.00037034	0.036528
-0.038435	0.010376	0.046528
-6.7967e-17	-1.4976e-13	0.036528
4.4501e-09	0.01	0.046528
0.03846	0.21404	0.036528
0.038657	0.21405	0.046528
0.038422	0.17759	0.036528
0.038619	0.1793	0.046528
0.076899	0.21537	0.036528
0.077294	0.21539	0.046528
0.076824	0.17888	0.036528
0.077219	0.18061	0.046528
0.1153	0.2176	0.036528
0.11589	0.21764	0.046528
0.11519	0.18105	0.036528
0.11578	0.1828	0.046528
0.15363	0.22072	0.036528
0.15442	0.2208	0.046528
0.15349	0.18409	0.036528
0.15428	0.18587	0.046528
0.19188	0.22475	0.036528
0.19286	0.22487	0.046528
0.19171	0.18799	0.036528
0.1927	0.18982	0.046528
0.23003	0.22968	0.036528
0.2312	0.22984	0.046528
0.22984	0.19277	0.036528
0.23101	0.19465	0.046528
0.26805	0.2355	0.036528
0.26941	0.23572	0.046528
0.26784	0.19842	0.036528
0.26921	0.20036	0.046528
0.30592	0.24221	0.036528
0.30747	0.2425	0.046528
0.30571	0.20493	0.036528
0.30727	0.20694	0.046528
0.34362	0.24981	0.036528
0.34537	0.25018	0.046528
0.34342	0.2123	0.036528
0.34516	0.21439	0.046528
0.38114	0.25829	0.036528
0.38306	0.25875	0.046528
0.38095	0.22053	0.036528
0.38287	0.22271	0.046528
0.41845	0.26764	0.036528
0.42055	0.2682	0.046528
0.41828	0.22961	0.036528
0.42038	0.23189	0.046528
0.45552	0.27788	0.036528
0.4578	0.27854	0.046528
0.45539	0.23953	0.036528
0.45767	0.24193	0.046528
0.49235	0.28898	0.036528
0.4948	0.28975	0.046528
0.49227	0.25031	0.036528
0.49472	0.25282	0.046528
0.038385	0.142	0.036528
0.038582	0.14538	0.046528
0.076751	0.14326	0.036528
0.077146	0.14665	0.046528
0.11508	0.14536	0.036528
0.11567	0.14877	0.046528
0.15335	0.1483	0.036528
0.15414	0.15176	0.046528
0.19155	0.1521	0.036528
0.19253	0.15559	0.046528
0.22966	0.15673	0.036528
0.23083	0.16028	0.046528
0.26765	0.16221	0.036528
0.26901	0.16583	0.046528
0.30551	0.16852	0.036528
0.30706	0.17221	0.046528
0.34322	0.17567	0.036528
0.34496	0.17945	0.046528
0.38076	0.18365	0.036528
0.38268	0.18752	0.046528
0.41812	0.19246	0.036528
0.42022	0.19643	0.046528
0.45526	0.20209	0.036528
0.45754	0.20618	0.046528
0.49219	0.21254	0.036528
0.49464	0.21675	0.046528
0.038348	0.10641	0.036528
0.038545	0.11145	0.046528
0.076678	0.10763	0.036528
0.077073	0.11269	0.046528
0.11497	0.10967	0.036528
0.11557	0.11475	0.046528
0.15322	0.11252	0.036528
0.154	0.11764	0.046528
0.19139	0.1162	0.036528
0.19237	0.12137	0.046528
0.22947	0.12069	0.036528
0.23065	0.12592	0.046528
0.26745	0.126	0.036528
0.26881	0.13129	0.046528
0.3053	0.13212	0.036528
0.30686	0.13749	0.046528
0.34302	0.13905	0.036528
0.34476	0.1445	0.046528
0.38057	0.14678	0.036528
0.38249	0.15233	0.046528
0.41795	0.15531	0.036528
0.42005	0.16097	0.046528
0.45514	0.16465	0.036528
0.45741	0.17043	0.046528
0.49211	0.17478	0.036528
0.49456	0.18068	0.046528
0.038311	0.070818	0.036528
0.038509	0.077526	0.046528
0.076605	0.071999	0.036528
0.077	0.078724	0.046528
0.11487	0.073975	0.036528
0.11546	0.080726	0.046528
0.15308	0.076743	0.036528
0.15387	0.083532	0.046528
0.19122	0.080303	0.036528
0.19221	0.08714	0.046528
0.22929	0.084652	0.036528
0.23046	0.091548	0.046528
0.26725	0.08979	0.036528
0.26862	0.096755	0.046528
0.3051	0.095713	0.036528
0.30665	0.10276	0.046528
0.34282	0.10242	0.036528
0.34455	0.10955	0.046528
0.38038	0.10991	0.036528
0.3823	0.11714	0.046528
0.41779	0.11817	0.036528
0.41989	0.12552	0.046528
0.45501	0.1272	0.036528
0.45728	0.13467	0.046528
0.49204	0.13701	0.036528
0.49448	0.14461	0.046528
0.038274	0.035225	0.036528
0.038472	0.0436	0.046528
0.076532	0.036371	0.036528
0.076928	0.044762	0.046528
0.11476	0.038284	0.036528
0.11535	0.046703	0.046528
0.15294	0.040962	0.036528
0.15373	0.04942	0.046528
0.19106	0.044405	0.036528
0.19204	0.052913	0.046528
0.2291	0.048612	0.036528
0.23028	0.05718	0.046528
0.26705	0.05358	0.036528
0.26842	0.06222	0.046528
0.3049	0.059307	0.036528
0.30645	0.06803	0.046528
0.34262	0.065792	0.036528
0.34435	0.074609	0.046528
0.3802	0.073031	0.036528
0.38211	0.081952	0.046528
0.41762	0.081022	0.036528
0.41972	0.090058	0.046528
0.45488	0.089761	0.036528
0.45715	0.098923	0.046528
0.49196	0.099245	0.036528
0.4944	0.10854	0.046528
0.038238	0.00037034	0.036528
0.038435	0.010376	0.046528
0.076461	0.0014813	0.036528
0.076856	0.011504	0.046528
0.11466	0.0033323	0.036528
0.11525	0.013384	0.046528
0.15281	0.0059229	0.036528
0.15359	0.016015	0.046528
0.1909	0.0092519	0.036528
0.19188	0.019395	0.046528
0.22892	0.013318	0.036528
0.2301	0.023524	0.046528
0.26686	0.01812	0.036528
0.26822	0.028401	0.046528
0.3047	0.023656	0.036528
0.30625	0.034022	0.046528
0.34242	0.029924	0.036528
0.34415	0.040386	0.046528
0.38001	0.036921	0.036528
0.38193	0.047491	0.046528
0.41746	0.044645	0.036528
0.41956	0.055334	0.046528
0.45476	0.053093	0.036528
0.45703	0.063912	0.046528
0.49188	0.062262	0.036528
0.49432	0.073221	0.046528
-0.56933	0.083877	0.10003
-0.56933	0.094323	0.090028
-0.58821	0.089667	0.10864
-0.59576	0.10255	0.10209
-0.56933	0.11197	0.10003
-0.56933	0.12008	0.090028
-0.58818	0.11815	0.10861
-0.59571	0.12887	0.10203
-0.56933	0.14453	0.10003
-0.56933	0.14993	0.090028
-0.58814	0.15116	0.10857
-0.59566	0.15938	0.10197
-0.56933	0.18058	0.10003
-0.56933	0.18299	0.090028
-0.5881	0.18771	0.10852
-0.5956	0.19315	0.10191
-0.56933	0.20956	0.10003
-0.56933	0.20956	0.090028
-0.58807	0.2171	0.10849
-0.59556	0.22031	0.10186
-0.59433	0.091588	0.12503
-0.60433	0.091588	0.12503
-0.59433	0.12024	0.12503
-0.60433	0.12024	0.12503
-0.59433	0.15345	0.12503
-0.60433	0.15345	0.12503
-0.59433	0.19021	0.12503
-0.60433	0.19021	0.12503
-0.59433	0.21977	0.12503
-0.60433	0.21977	0.12503
-0.59433	0.091588	0.14657
-0.60433	0.091588	0.14657
-0.59433	0.12024	0.14657
-0.60433	0.12024	0.14657
-0.59433	0.15345	0.14657
-0.60433	0.15345	0.14657
-0.59433	0.19021	0.14657
-0.60433	0.19021	0.14657
-0.59433	0.21977	0.14657
-0.60433	0.21977	0.14657
-0.59433	0.091588	0.16934
-0.60433	0.091588	0.16934
-0.59433	0.12024	0.16934
-0.60433	0.12024	0.16934
-0.59433	0.15345	0.16934
-0.60433	0.15345	0.16934
-0.59433	0.19021	0.16934
-0.60433	0.19021	0.16934
-0.59433	0.21977	0.16934
-0.60433	0.21977	0.16934
-0.59433	0.091588	0.19214
-0.60433	0.091588	0.19214
-0.59433	0.12024	0.19214
-0.60433	0.12024	0.19214
-0.59433	0.15345	0.19214
-0.60433	0.15345	0.19214
-0.59433	0.19021	0.19214
-0.60433	0.19021	0.19214
-0.59433	0.21977	0.19214
-0.60433	0.21977	0.19214
-0.59433	0.091588	0.21296
-0.60433	0.091588	0.21296
-0.59433	0.12024	0.21296
-0.60433	0.12024	0.21296
-0.59433	0.15345	0.21296
-0.60433	0.15345	0.21296
-0.59433	0.19021	0.21296
-0.60433	0.19021	0.21296
-0.59433	0.21977	0.21296
-0.60433	0.21977	0.21296
-0.58777	0.089531	0.22984
-0.59515	0.10235	0.23659
-0.58774	0.118	0.22987
-0.5951	0.12866	0.23664
-0.58771	0.151	0.22991
-0.59505	0.15915	0.23669
-0.58767	0.18753	0.22995
-0.59499	0.1929	0.23676
-0.58763	0.21691	0.22999
-0.59494	0.22004	0.23681
-0.56933	0.083877	0.23796
-0.56933	0.094323	0.24796
-0.56933	0.11197	0.23796
-0.56933	0.12008	0.24796
-0.56933	0.14453	0.23796
-0.56933	0.14993	0.24796
-0.56933	0.18058	0.23796
-0.56933	0.18299	0.24796
-0.56933	0.20956	0.23796
-0.56933	0.20956	0.24796
-0.53236	0.083523	0.24796
-0.53235	0.073134	0.23796
-0.53246	0.10887	0.24796
-0.53245	0.1008	0.23796
-0.4952	0.07345	0.24796
-0.49518	0.063113	0.23796
-0.49534	0.098492	0.24796
-0.49533	0.090466	0.23796
-0.45784	0.064107	0.24796
-0.45782	0.053819	0.23796
-0.45802	0.08887	0.24796
-0.458	0.080882	0.23796
-0.42031	0.055499	0.24796
-0.42028	0.045256	0.23796
-0.42051	0.080004	0.24796
-0.42049	0.072051	0.23796
-0.38262	0.047627	0.24796
-0.38258	0.037427	0.23796
-0.38283	0.071897	0.24796
-0.38281	0.063976	0.23796
-0.34477	0.040497	0.24796
-0.34474	0.030334	0.23796
-0.345	0.064552	0.24796
-0.34497	0.056661	0.23796
-0.3068	0.034109	0.24796
-0.30677	0.02398	0.23796
-0.30702	0.057973	0.24796
-0.30699	0.050108	0.23796
-0.26871	0.028468	0.24796
-0.26868	0.018369	0.23796
-0.26892	0.052162	0.24796
-0.26889	0.044321	0.23796
-0.23051	0.023574	0.24796
-0.23048	0.013501	0.23796
-0.2307	0.047122	0.24796
-0.23068	0.039301	0.23796
-0.19223	0.019429	0.24796
-0.1922	0.0093789	0.23796
-0.1924	0.042855	0.24796
-0.19238	0.035051	0.23796
-0.15387	0.016037	0.24796
-0.15385	0.0060042	0.23796
-0.15401	0.039363	0.24796
-0.154	0.031573	0.23796
-0.11546	0.013396	0.24796
-0.11544	0.0033781	0.23796
-0.11556	0.036646	0.24796
-0.11555	0.028867	0.23796
-0.076996	0.01151	0.24796
-0.076984	0.0015016	0.23796
-0.077069	0.034706	0.24796
-0.07706	0.026935	0.23796
-0.038505	0.010377	0.24796
-0.038499	0.00037543	0.23796
-0.038542	0.033545	0.24796
-0.038538	0.025778	0.23796
4.4501e-09	0.01	0.24796
0	-1.4992e-13	0.23796
4.5209e-09	0.033161	0.24796
5.6019e-10	0.025397	0.23796
-0.53257	0.13823	0.24796
-0.53256	0.13286	0.23796
-0.49551	0.12751	0.24796
-0.4955	0.12216	0.23796
-0.45823	0.11757	0.24796
-0.45822	0.11224	0.23796
-0.42075	0.1084	0.24796
-0.42073	0.1031	0.23796
-0.38309	0.10002	0.24796
-0.38307	0.094743	0.23796
-0.34526	0.092428	0.24796
-0.34524	0.08717	0.23796
-0.30727	0.085627	0.24796
-0.30726	0.080387	0.23796
-0.26916	0.079621	0.24796
-0.26914	0.074396	0.23796
-0.23093	0.074412	0.24796
-0.23091	0.0692	0.23796
-0.19259	0.070002	0.24796
-0.19258	0.064802	0.23796
-0.15417	0.066394	0.24796
-0.15416	0.061203	0.23796
-0.11569	0.063589	0.24796
-0.11568	0.058405	0.23796
-0.077154	0.061588	0.24796
-0.077149	0.056409	0.23796
-0.038585	0.060392	0.24796
-0.038583	0.055216	0.23796
4.6029e-09	0.060002	0.24796
1.2094e-09	0.054827	0.23796
-0.53269	0.17075	0.24796
-0.53269	0.16836	0.23796
-0.49569	0.15964	0.24796
-0.49569	0.15726	0.23796
-0.45846	0.14934	0.24796
-0.45845	0.14697	0.23796
-0.42101	0.13984	0.24796
-0.421	0.13748	0.23796
-0.38337	0.13116	0.24796
-0.38336	0.12881	0.23796
-0.34554	0.12329	0.24796
-0.34554	0.12095	0.23796
-0.30756	0.11625	0.24796
-0.30755	0.11391	0.23796
-0.26943	0.11002	0.24796
-0.26942	0.1077	0.23796
-0.23117	0.10463	0.24796
-0.23117	0.1023	0.23796
-0.19281	0.10006	0.24796
-0.1928	0.097742	0.23796
-0.15435	0.096324	0.24796
-0.15435	0.09401	0.23796
-0.11583	0.09342	0.24796
-0.11582	0.09111	0.23796
-0.077249	0.091351	0.24796
-0.077246	0.089043	0.23796
-0.038633	0.090118	0.24796
-0.038632	0.087811	0.23796
4.6938e-09	0.08972	0.24796
1.9282e-09	0.087414	0.23796
-0.53279	0.1969	0.24796
-0.53279	0.1969	0.23796
-0.49584	0.18548	0.24796
-0.49584	0.18548	0.23796
-0.45864	0.17489	0.24796
-0.45864	0.17489	0.23796
-0.42122	0.16513	0.24796
-0.42122	0.16513	0.23796
-0.38359	0.1562	0.24796
-0.38359	0.1562	0.23796
-0.34577	0.14811	0.24796
-0.34577	0.14811	0.23796
-0.30778	0.14087	0.24796
-0.30778	0.14087	0.23796
-0.26964	0.13447	0.24796
-0.26964	0.13447	0.23796
-0.23137	0.12892	0.24796
-0.23137	0.12892	0.23796
-0.19298	0.12423	0.24796
-0.19298	0.12423	0.23796
-0.1545	0.12039	0.24796
-0.1545	0.12039	0.23796
-0.11594	0.11741	0.24796
-0.11594	0.11741	0.23796
-0.077324	0.11528	0.24796
-0.077325	0.11528	0.23796
-0.038671	0.11402	0.24796
-0.038672	0.11402	0.23796
4.7668e-09	0.11362	0.24796
2.5061e-09	0.11362	0.23796
0.038505	0.010377	0.24796
0.038499	0.00037543	0.23796
0.038542	0.033545	0.24796
0.038538	0.025778	0.23796
0.076996	0.01151	0.24796
0.076984	0.0015016	0.23796
0.077069	0.034706	0.24796
0.07706	0.026935	0.23796
0.11546	0.013396	0.24796
0.11544	0.0033781	0.23796
0.11556	0.036646	0.24796
0.11555	0.028867	0.23796
0.15387	0.016037	0.24796
0.15385	0.0060042	0.23796
0.15401	0.039363	0.24796
0.154	0.031573	0.23796
0.19223	0.019429	0.24796
0.1922	0.0093789	0.23796
0.1924	0.042855	0.24796
0.19238	0.035051	0.23796
0.23051	0.023574	0.24796
0.23048	0.013501	0.23796
0.2307	0.047122	0.24796
0.23068	0.039301	0.23796
0.26871	0.028468	0.24796
0.26868	0.018369	0.23796
0.26892	0.052162	0.24796
0.26889	0.044321	0.23796
0.3068	0.034109	0.24796
0.30677	0.02398	0.23796
0.30702	0.057973	0.24796
0.30699	0.050108	0.23796
0.34477	0.040497	0.24796
0.34474	0.030334	0.23796
0.345	0.064552	0.24796
0.34497	0.056661	0.23796
0.38262	0.047627	0.24796
0.38258	0.037427	0.23796
0.38283	0.071897	0.24796
0.38281	0.063976	0.23796
0.42031	0.055499	0.24796
0.42028	0.045256	0.23796
0.42051	0.080004	0.24796
0.42049	0.072051	0.23796
0.45784	0.064107	0.24796
0.45782	0.053819	0.23796
0.45802	0.08887	0.24796
0.458	0.080882	0.23796
0.4952	0.07345	0.24796
0.49518	0.063113	0.23796
0.49534	0.098492	0.24796
0.49533	0.090466	0.23796
0.53236	0.083523	0.24796
0.53235	0.073134	0.23796
0.53246	0.10887	0.24796
0.53245	0.1008	0.23796
0.038585	0.060392	0.24796
0.038583	0.055216	0.23796
0.077154	0.061588	0.24796
0.077149	0.056409	0.23796
0.11569	0.063589	0.24796
0.11568	0.058405	0.23796
0.15417	0.066394	0.24796
0.15416	0.061203	0.23796
0.19259	0.070002	0.24796
0.19258	0.064802	0.23796
0.23093	0.074412	0.24796
0.23091	0.0692	0.23796
0.26916	0.079621	0.24796
0.26914	0.074396	0.23796
0.30727	0.085627	0.24796
0.30726	0.080387	0.23796
0.34526	0.092428	0.24796
0.34524	0.08717	0.23796
0.38309	0.10002	0.24796
0.38307	0.094743	0.23796
0.42075	0.1084	0.24796
0.42073	0.1031	0.23796
0.45823	0.11757	0.24796
0.45822	0.11224	0.23796
0.49551	0.12751	0.24796
0.4955	0.12216	0.23796
0.53257	0.13823	0.24796
0.53256	0.13286	0.23796
0.038633	0.090118	0.24796
0.038632	0.087811	0.23796
0.077249	0.091351	0.24796
0.077246	0.089043	0.23796
0.11583	0.09342	0.24796
0.11582	0.09111	0.23796
0.15435	0.096323	0.24796
0.15435	0.09401	0.23796
0.19281	0.10006	0.24796
0.1928	0.097742	0.23796
0.23117	0.10463	0.24796
0.23117	0.1023	0.23796
0.26943	0.11002	0.24796
0.26942	0.1077	0.23796
0.30756	0.11625	0.24796
0.30755	0.11391	0.23796
0.34554	0.12329	0.24796
0.34554	0.12095	0.23796
0.38337	0.13116	0.24796
0.38336	0.12881	0.23796
0.42101	0.13984	0.24796
0.421	0.13748	0.23796
0.45846	0.14934	0.24796
0.45845	0.14697	0.23796
0.49569	0.15964	0.24796
0.49569	0.15726	0.23796
0.53269	0.17075	0.24796
0.53269	0.16836	0.23796
0.038672	0.11402	0.24796
0.038672	0.11402	0.23796
0.077324	0.11528	0.24796
0.077325	0.11528	0.23796
0.11594	0.11741	0.24796
0.11594	0.11741	0.23796
0.1545	0.12039	0.24796
0.1545	0.12039	0.23796
0.19298	0.12423	0.24796
0.19298	0.12423	0.23796
0.23137	0.12892	0.24796
0.23137	0.12892	0.23796
0.26964	0.13447	0.24796
0.26964	0.13447	0.23796
0.30778	0.14087	0.24796
0.30778	0.14087	0.23796
0.34577	0.14811	0.24796
0.34577	0.14811	0.23796
0.38359	0.1562	0.24796
0.38359	0.1562	0.23796
0.42122	0.16513	0.24796
0.42122	0.16513	0.23796
0.45864	0.17489	0.24796
0.45864	0.17489	0.23796
0.49584	0.18548	0.24796
0.49584	0.18548	0.23796
0.53279	0.1969	0.24796
0.53279	0.1969	0.23796
-0.53236	0.083523	0.090028
-0.53235	0.073134	0.10003
-0.53246	0.10887	0.090028
-0.53245	0.1008	0.10003
-0.53257	0.13823	0.090028
-0.53256	0.13286	0.10003
-0.53269	0.17075	0.090028
-0.53269	0.16836	0.10003
-0.53279	0.1969	0.090028
-0.53279	0.1969	0.10003
-0.4952	0.07345	0.090028
-0.49518	0.063113	0.10003
-0.49534	0.098492	0.090028
-0.49533	0.090466	0.10003
-0.49551	0.12751	0.090028
-0.4955	0.12216	0.10003
-0.49569	0.15964	0.090028
-0.49569	0.15726	0.10003
-0.49584	0.18548	0.090028
-0.49584	0.18548	0.10003
-0.45784	0.064107	0.090028
-0.45782	0.053819	0.10003
-0.45802	0.08887	0.090028
-0.458	0.080882	0.10003
-0.45823	0.11757	0.090028
-0.45822	0.11224	0.10003
-0.45846	0.14934	0.090028
-0.45845	0.14697	0.10003
-0.45864	0.17489	0.090028
-0.45864	0.17489	0.10003
-0.42031	0.055499	0.090028
-0.42028	0.045256	0.10003
-0.42051	0.080004	0.090028
-0.42049	0.072051	0.10003
-0.42075	0.1084	0.090028
-0.42073	0.1031	0.10003
-0.42101	0.13984	0.090028
-0.421	0.13748	0.10003
-0.42122	0.16513	0.090028
-0.42122	0.16513	0.10003
-0.38262	0.047627	0.090028
-0.38258	0.037427	0.10003
-0.38283	0.071897	0.090028
-0.38281	0.063976	0.10003
-0.38309	0.10002	0.090028
-0.38307	0.094743	0.10003
-0.38337	0.13116	0.090028
-0.38336	0.12881	0.10003
-0.38359	0.1562	0.090028
-0.38359	0.1562	0.10003
-0.34477	0.040497	0.090028
-0.34474	0.030334	0.10003
-0.345	0.064552	0.090028
-0.34497	0.056661	0.10003
-0.34526	0.092428	0.090028
-0.34524	0.08717	0.10003
-0.34554	0.12329	0.090028
-0.34554	0.12095	0.10003
-0.34577	0.14811	0.090028
-0.34577	0.14811	0.10003
-0.3068	0.034109	0.090028
-0.30677	0.02398	0.10003
-0.30702	0.057973	0.090028
-0.30699	0.050108	0.10003
-0.30727	0.085627	0.090028
-0.30726	0.080387	0.10003
-0.30756	0.11625	0.090028
-0.30755	0.11391	0.10003
-0.30778	0.14087	0.090028
-0.30778	0.14087	0.10003
-0.26871	0.028468	0.090028
-0.26868	0.018369	0.10003
-0.26892	0.052162	0.090028
-0.26889	0.044321	0.10003
-0.26916	0.079621	0.090028
-0.26914	0.074396	0.10003
-0.26943	0.11002	0.090028
-0.26942	0.1077	0.10003
-0.26964	0.13447	0.090028
-0.26964	0.13447	0.10003
-0.23051	0.023574	0.090028
-0.23048	0.013501	0.10003
-0.2307	0.047122	0.090028
-0.23068	0.039301	0.10003
-0.23093	0.074412	0.090028
-0.23091	0.0692	0.10003
-0.23117	0.10463	0.090028
-0.23117	0.1023	0.10003
-0.23137	0.12892	0.090028
-0.23137	0.12892	0.10003
-0.19223	0.019429	0.090028
-0.1922	0.0093789	0.10003
-0.1924	0.042855	0.090028
-0.19238	0.035051	0.10003
-0.19259	0.070002	0.090028
-0.19258	0.064802	0.10003
-0.19281	0.10006	0.090028
-0.1928	0.097742	0.10003
-0.19298	0.12423	0.090028
-0.19298	0.12423	0.10003
-0.15387	0.016037	0.090028
-0.15385	0.0060042	0.10003
-0.15401	0.039363	0.090028
-0.154	0.031573	0.10003
-0.15417	0.066394	0.090028
-0.15416	0.061203	0.10003
-0.15435	0.096324	0.090028
-0.15435	0.09401	0.10003
-0.1545	0.12039	0.090028
-0.1545	0.12039	0.10003
-0.11546	0.013396	0.090028
-0.11544	0.0033781	0.10003
-0.11556	0.036646	0.090028
-0.11555	0.028867	0.10003
-0.11569	0.063589	0.090028
-0.11568	0.058405	0.10003
-0.11583	0.09342	0.090028
-0.11582	0.09111	0.10003
-0.11594	0.11741	0.090028
-0.11594	0.11741	0.10003
-0.076996	0.01151	0.090028
-0.076984	0.0015016	0.10003
-0.077069	0.034706	0.090028
-0.07706	0.026935	0.10003
-0.077154	0.061588	0.090028
-0.077149	0.056409	0.10003
-0.077249	0.091351	0.090028
-0.077246	0.089043	0.10003
-0.077324	0.11528	0.090028
-0.077325	0.11528	0.10003
-0.038505	0.010377	0.090028
-0.038499	0.00037543	0.10003
-0.038542	0.033545	0.090028
-0.038538	0.025778	0.10003
-0.038585	0.060392	0.090028
-0.038583	0.055216	0.10003
-0.038633	0.090118	0.090028
-0.038632	0.087811	0.10003
-0.038671	0.11402	0.090028
-0.038672	0.11402	0.10003
4.4501e-09	0.01	0.090028
0	-1.5007e-13	0.10003
4.5209e-09	0.033161	0.090028
5.6019e-10	0.025397	0.10003
4.6029e-09	0.060002	0.090028
1.2094e-09	0.054827	0.10003
4.6938e-09	0.08972	0.090028
1.9282e-09	0.087414	0.10003
4.7668e-09	0.11362	0.090028
2.5061e-09	0.11362	0.10003
0.038505	0.010377	0.090028
0.038499	0.00037543	0.10003
0.038542	0.033545	0.090028
0.038538	0.025778	0.10003
0.038585	0.060392	0.090028
0.038583	0.055216	0.10003
0.038633	0.090118	0.090028
0.038632	0.087811	0.10003
0.038672	0.11402	0.090028
0.038672	0.11402	0.10003
0.076996	0.01151	0.090028
0.076984	0.0015016	0.10003
0.077069	0.034706	0.090028
0.07706	0.026935	0.10003
0.077154	0.061588	0.090028
0.077149	0.056409	0.10003
0.077249	0.091351	0.090028
0.077246	0.089043	0.10003
0.077324	0.11528	0.090028
0.077325	0.11528	0.10003
0.11546	0.013396	0.090028
0.11544	0.0033781	0.10003
0.11556	0.036646	0.090028
0.11555	0.028867	0.10003
0.11569	0.063589	0.090028
0.11568	0.058405	0.10003
0.11583	0.09342	0.090028
0.11582	0.09111	0.10003
0.11594	0.11741	0.090028
0.11594	0.11741	0.10003
0.15387	0.016037	0.090028
0.15385	0.0060042	0.10003
0.15401	0.039363	0.090028
0.154	0.031573	0.10003
0.15417	0.066394	0.090028
0.15416	0.061203	0.10003
0.15435	0.096323	0.090028
0.15435	0.09401	0.10003
0.1545	0.12039	0.090028
0.1545	0.12039	0.10003
0.19223	0.019429	0.090028
0.1922	0.0093789	0.10003
0.1924	0.042855	0.090028
0.19238	0.035051	0.10003
0.19259	0.070002	0.090028
0.19258	0.064802	0.10003
0.19281	0.10006	0.090028
0.1928	0.097742	0.10003
0.19298	0.12423	0.090028
0.19298	0.12423	0.10003
0.23051	0.023574	0.090028
0.23048	0.013501	0.10003
0.2307	0.047122	0.090028
0.23068	0.039301	0.10003
0.23093	0.074412	0.090028
0.23091	0.0692	0.10003
0.23117	0.10463	0.090028
0.23117	0.1023	0.10003
0.23137	0.12892	0.090028
0.23137	0.12892	0.10003
0.26871	0.028468	0.090028
0.26868	0.018369	0.10003
0.26892	0.052162	0.090028
0.26889	0.044321	0.10003
0.26916	0.079621	0.090028
0.26914	0.074396	0.10003
0.26943	0.11002	0.090028
0.26942	0.1077	0.10003
0.26964	0.13447	0.090028
0.26964	0.13447	0.10003
0.3068	0.034109	0.090028
0.30677	0.02398	0.10003
0.30702	0.057973	0.090028
0.30699	0.050108	0.10003
0.30727	0.085627	0.090028
0.30726	0.080387	0.10003
0.30756	0.11625	0.090028
0.30755	0.11391	0.10003
0.30778	0.14087	0.090028
0.30778	0.14087	0.10003
0.34477	0.040497	0.090028
0.34474	0.030334	0.10003
0.345	0.064552	0.090028
0.34497	0.056661	0.10003
0.34526	0.092428	0.090028
0.34524	0.08717	0.10003
0.34554	0.12329	0.090028
0.34554	0.12095	0.10003
0.34577	0.14811	0.090028
0.34577	0.14811	0.10003
0.38262	0.047627	0.090028
0.38258	0.037427	0.10003
0.38283	0.071897	0.090028
0.38281	0.063976	0.10003
0.38309	0.10002	0.090028
0.38307	0.094743	0.10003
0.38337	0.13116	0.090028
0.38336	0.12881	0.10003
0.38359	0.1562	0.090028
0.38359	0.1562	0.10003
0.42031	0.055499	0.090028
0.42028	0.045256	0.10003
0.42051	0.080004	0.090028
0.42049	0.072051	0.10003
0.42075	0.1084	0.090028
0.42073	0.1031	0.10003
0.42101	0.13984	0.090028
0.421	0.13748	0.10003
0.42122	0.16513	0.090028
0.42122	0.16513	0.10003
0.45784	0.064107	0.090028
0.45782	0.053819	0.10003
0.45802	0.08887	0.090028
0.458	0.080882	0.10003
0.45823	0.11757	0.090028
0.45822	0.11224	0.10003
0.45846	0.14934	0.090028
0.45845	0.14697	0.10003
0.45864	0.17489	0.090028
0.45864	0.17489	0.10003
0.4952	0.07345	0.090028
0.49518	0.063113	0.10003
0.49534	0.098492	0.090028
0.49533	0.090466	0.10003
0.49551	0.12751	0.090028
0.4955	0.12216	0.10003
0.49569	0.15964	0.090028
0.49569	0.15726	0.10003
0.49584	0.18548	0.090028
0.49584	0.18548	0.10003
0.53236	0.083523	0.090028
0.53235	0.073134	0.10003
0.53246	0.10887	0.090028
0.53245	0.1008	0.10003
0.53257	0.13823	0.090028
0.53256	0.13286	0.10003
0.53269	0.17075	0.090028
0.53269	0.16836	0.10003
0.53279	0.1969	0.090028
0.53279	0.1969	0.10003
0.66578	0.22505	0.15914
0.64396	0.24456	0.15914
0.65689	0.21958	0.15914
0.6373	0.2371	0.15914
0.66578	0.22505	0.18988
0.64396	0.24456	0.18988
0.65689	0.21958	0.18988
0.6373	0.2371	0.18988
0.66578	0.22505	0.22239
0.64396	0.24456	0.22239
0.65689	0.21958	0.22239
0.6373	0.2371	0.22239
0.66578	0.22505	0.25
0.64396	0.24456	0.25
0.65689	0.21958	0.25
0.6373	0.2371	0.25
0.68869	0.20457	0.15914
0.67747	0.20118	0.15914
0.68869	0.20457	0.18988
0.67747	0.20118	0.18988
0.68869	0.20457	0.22239
0.67747	0.20118	0.22239
0.68869	0.20457	0.25
0.67747	0.20118	0.25
0.71143	0.18423	0.15914
0.6979	0.18292	0.15914
0.71143	0.18423	0.18988
0.6979	0.18292	0.18988
0.71143	0.18423	0.22239
0.6979	0.18292	0.22239
0.71143	0.18423	0.25
0.6979	0.18292	0.25
0.73431	0.16377	0.15914
0.71845	0.16454	0.15914
0.73431	0.16377	0.18988
0.71845	0.16454	0.18988
0.73431	0.16377	0.22239
0.71845	0.16454	0.22239
0.73431	0.16377	0.25
0.71845	0.16454	0.25
0.76664	0.33608	0.1
0.74394	0.35638	0.1
0.76482	0.33771	0.09
0.74394	0.35638	0.09
0.74886	0.31521	0.1
0.72566	0.33593	0.1
0.74706	0.31682	0.09
0.72566	0.33593	0.09
0.7287	0.29225	0.1
0.70531	0.31316	0.1
0.7269	0.29386	0.09
0.70531	0.31316	0.09
0.70719	0.26854	0.1
0.68398	0.28931	0.1
0.70539	0.27015	0.09
0.68398	0.28931	0.09
0.79048	0.31477	0.1
0.78676	0.3181	0.09
0.77323	0.29344	0.1
0.76953	0.29675	0.09
0.75328	0.27028	0.1
0.74959	0.27358	0.09
0.73157	0.24672	0.1
0.72787	0.25002	0.09
0.81414	0.29361	0.1
0.80853	0.29863	0.09
0.79742	0.27183	0.1
0.79184	0.27683	0.09
0.77767	0.24847	0.1
0.77211	0.25344	0.09
0.75577	0.22506	0.1
0.75019	0.23004	0.09
0.83795	0.27232	0.1
0.83044	0.27904	0.09
0.82176	0.25009	0.1
0.81429	0.25678	0.09
0.80222	0.22652	0.1
0.79476	0.23319	0.09
0.78012	0.20326	0.1
0.77265	0.20994	0.09
0.78575	0.35924	0.13
0.76394	0.37874	0.13
0.7902	0.36868	0.13
0.77061	0.3862	0.13
0.80866	0.33875	0.13
0.81078	0.35028	0.13
0.83141	0.31842	0.13
0.83121	0.33201	0.13
0.85429	0.29795	0.13
0.85176	0.31363	0.13
0.68666	0.24663	0.28
0.66396	0.26692	0.28
0.68484	0.24825	0.29
0.66396	0.26692	0.29
0.71049	0.22531	0.28
0.70677	0.22864	0.29
0.73416	0.20415	0.28
0.72854	0.20917	0.29
0.75797	0.18286	0.28
0.75045	0.18959	0.29
0.76664	0.33608	0.28
0.74394	0.35638	0.28
0.76482	0.33771	0.29
0.74394	0.35638	0.29
0.78575	0.35924	0.25
0.76394	0.37874	0.25
0.7902	0.36868	0.25
0.77061	0.3862	0.25
0.79048	0.31477	0.28
0.78676	0.3181	0.29
0.80866	0.33875	0.25
0.81078	0.35028	0.25
0.81414	0.29361	0.28
0.80853	0.29863	0.29
0.83141	0.31842	0.25
0.83121	0.33201	0.25
0.83795	0.27232	0.28
0.83044	0.27904	0.29
0.85429	0.29795	0.25
0.85176	0.31363	0.25
0.71155	0.27328	0.28
0.68827	0.29411	0.28
0.70975	0.27489	0.29
0.68827	0.29411	0.29
0.7391	0.30399	0.28
0.71575	0.32485	0.28
0.7373	0.3056	0.29
0.71575	0.32485	0.29
0.736	0.2514	0.28
0.7323	0.2547	0.29
0.76361	0.28209	0.28
0.75992	0.28539	0.29
0.76027	0.22967	0.28
0.7547	0.23466	0.29
0.78795	0.26034	0.28
0.78238	0.26532	0.29
0.7847	0.20782	0.28
0.77723	0.21449	0.29
0.81244	0.23846	0.28
0.80498	0.24513	0.29
0.78575	0.35924	0.22056
0.76394	0.37874	0.22056
0.7902	0.36868	0.22056
0.77061	0.3862	0.22056
0.78575	0.35924	0.1896
0.76394	0.37874	0.1896
0.7902	0.36868	0.1896
0.77061	0.3862	0.1896
0.78575	0.35924	0.1584
0.76394	0.37874	0.1584
0.7902	0.36868	0.1584
0.77061	0.3862	0.1584
0.80866	0.33875	0.22056
0.81078	0.35028	0.22056
0.80866	0.33875	0.1896
0.81078	0.35028	0.1896
0.80866	0.33875	0.1584
0.81078	0.35028	0.1584
0.83141	0.31842	0.22056
0.83121	0.33201	0.22056
0.83141	0.31842	0.1896
0.83121	0.33201	0.1896
0.83141	0.31842	0.1584
0.83121	0.33201	0.1584
0.85429	0.29795	0.22056
0.85176	0.31363	0.22056
0.85429	0.29795	0.1896
0.85176	0.31363	0.1896
0.85429	0.29795	0.1584
0.85176	0.31363	0.1584
0.91042	0.44512	0
0.90042	0.44609	0.01
0.91042	0.44512	0.043173
0.90042	0.44609	0.051025
0.91042	0.48327	0
0.90042	0.4824	0.01
0.91042	0.48327	0.043173
0.90042	0.4824	0.051025
0.91042	0.52103	0
0.90042	0.51833	0.01
0.91042	0.52103	0.043173
0.90042	0.51833	0.051025
0.91042	0.55879	0
0.90042	0.55426	0.01
0.91042	0.55879	0.043173
0.90042	0.55426	0.051025
0.91042	0.59655	0
0.90042	0.59019	0.01
0.91042	0.59655	0.043173
0.90042	0.59019	0.051025
0.91042	0.63431	0
0.90042	0.62612	0.01
0.91042	0.63431	0.043173
0.90042	0.62612	0.051025
0.91042	0.67177	0
0.90042	0.66177	0.01
0.91042	0.67177	0.043173
0.90042	0.66177	0.051025
0.91042	0.44512	0.084538
0.90042	0.44609	0.090332
0.91042	0.48327	0.084538
0.90042	0.4824	0.090332
0.91042	0.52103	0.084538
0.90042	0.51833	0.090332
0.91042	0.55879	0.084538
0.90042	0.55426	0.090332
0.91042	0.59655	0.084538
0.90042	0.59019	0.090332
0.91042	0.63431	0.084538
0.90042	0.62612	0.090332
0.91042	0.67177	0.084538
0.90042	0.66177	0.090332
0.91042	0.44512	0.1259
0.90042	0.44609	0.12964
0.91042	0.48327	0.1259
0.90042	0.4824	0.12964
0.91042	0.52103	0.1259
0.90042	0.51833	0.12964
0.91042	0.55879	0.1259
0.90042	0.55426	0.12964
0.91042	0.59655	0.1259
0.90042	0.59019	0.12964
0.91042	0.63431	0.1259
0.90042	0.62612	0.12964
0.91042	0.67177	0.1259
0.90042	0.66177	0.12964
0.91042	0.44512	0.16726
0.90042	0.44609	0.16894
0.91042	0.48327	0.16726
0.90042	0.4824	0.16894
0.91042	0.52103	0.16726
0.90042	0.51833	0.16894
0.91042	0.55879	0.16726
0.90042	0.55426	0.16894
0.91042	0.59655	0.16726
0.90042	0.59019	0.16894
0.91042	0.63431	0.16726
0.90042	0.62612	0.16894
0.91042	0.67177	0.16726
0.90042	0.66177	0.16894
0.91042	0.44512	0.20861
0.90042	0.44609	0.20823
0.91042	0.48327	0.20861
0.90042	0.4824	0.20823
0.91042	0.52103	0.20861
0.90042	0.51833	0.20823
0.91042	0.55879	0.20861
0.90042	0.55426	0.20823
0.91042	0.59655	0.20861
0.90042	0.59019	0.20823
0.91042	0.63431	0.20861
0.90042	0.62612	0.20823
0.91042	0.67177	0.20861
0.90042	0.66177	0.20823
0.91042	0.44512	0.24996
0.90042	0.44609	0.24753
0.91042	0.48327	0.24996
0.90042	0.4824	0.24753
0.91042	0.52103	0.24996
0.90042	0.51833	0.24753
0.91042	0.55879	0.24996
0.90042	0.55426	0.24753
0.91042	0.59655	0.24996
0.90042	0.59019	0.24753
0.91042	0.63431	0.24996
0.90042	0.62612	0.24753
0.91042	0.67177	0.24996
0.90042	0.66177	0.24753
0.91042	0.44512	0.29131
0.90042	0.44609	0.28681
0.91042	0.48327	0.29131
0.90042	0.4824	0.28681
0.91042	0.52103	0.29131
0.90042	0.51833	0.28681
0.91042	0.55879	0.29131
0.90042	0.55426	0.28681
0.91042	0.59655	0.29131
0.90042	0.59019	0.28681
0.91042	0.63431	0.29131
0.90042	0.62612	0.28681
0.91042	0.67177	0.29131
0.90042	0.66177	0.28681
0.91042	0.44512	0.33265
0.90042	0.44609	0.3261
0.91042	0.48327	0.33265
0.90042	0.4824	0.3261
0.91042	0.52103	0.33265
0.90042	0.51833	0.3261
0.91042	0.55879	0.33265
0.90042	0.55426	0.3261
0.91042	0.59655	0.33265
0.90042	0.59019	0.3261
0.91042	0.63431	0.33265
0.90042	0.62612	0.3261
0.91042	0.67177	0.33265
0.90042	0.66177	0.3261
0.91042	0.44512	0.374
0.90042	0.44609	0.36539
0.91042	0.48327	0.374
0.90042	0.4824	0.36539
0.91042	0.52103	0.374
0.90042	0.51833	0.36539
0.91042	0.55879	0.374
0.90042	0.55426	0.36539
0.91042	0.59655	0.374
0.90042	0.59019	0.36539
0.91042	0.63431	0.374
0.90042	0.62612	0.36539
0.91042	0.67177	0.374
0.90042	0.66177	0.36539
0.91042	0.44512	0.41534
0.90042	0.44609	0.40468
0.91042	0.48327	0.41534
0.90042	0.4824	0.40468
0.91042	0.52103	0.41534
0.90042	0.51833	0.40468
0.91042	0.55879	0.41534
0.90042	0.55426	0.40468
0.91042	0.59655	0.41534
0.90042	0.59019	0.40468
0.91042	0.63431	0.41534
0.90042	0.62612	0.40468
0.91042	0.67177	0.41534
0.90042	0.66177	0.40468
0.91042	0.44512	0.45669
0.90042	0.44609	0.44396
0.91042	0.48327	0.45669
0.90042	0.4824	0.44396
0.91042	0.52103	0.45669
0.90042	0.51833	0.44396
0.91042	0.55879	0.45669
0.90042	0.55426	0.44396
0.91042	0.59655	0.45669
0.90042	0.59019	0.44396
0.91042	0.63431	0.45669
0.90042	0.62612	0.44396
0.91042	0.67177	0.45669
0.90042	0.66177	0.44396
0.91042	0.44512	0.5
0.90042	0.44609	0.48512
0.91042	0.48327	0.5
0.90042	0.4824	0.48512
0.91042	0.52103	0.5
0.90042	0.51833	0.48512
0.91042	0.55879	0.5
0.90042	0.55426	0.48512
0.91042	0.59655	0.5
0.90042	0.59019	0.48512
0.91042	0.63431	0.5
0.90042	0.62612	0.48512
0.91042	0.67177	0.5
0.90042	0.66177	0.48512
-0.91042	0.67177	0.5
-0.90042	0.66177	0.48512
-0.91042	0.67177	0.45845
-0.90042	0.66177	0.44564
-0.87324	0.67177	0.48506
-0.86754	0.66177	0.47211
-0.87323	0.67177	0.44475
-0.86753	0.66177	0.4337
-0.84119	0.67177	0.47276
-0.83922	0.66177	0.46135
-0.84119	0.67177	0.43347
-0.83922	0.66177	0.42384
-0.91042	0.67177	0.41689
-0.90042	0.66177	0.40615
-0.87322	0.67177	0.40444
-0.86752	0.66177	0.3953
-0.84119	0.67177	0.39418
-0.83922	0.66177	0.38633
-0.91042	0.67177	0.37534
-0.90042	0.66177	0.36667
-0.87321	0.67177	0.36413
-0.86752	0.66177	0.3569
-0.84119	0.67177	0.35489
-0.83922	0.66177	0.34882
-0.91042	0.67177	0.33379
-0.90042	0.66177	0.32718
-0.8732	0.67177	0.32382
-0.86751	0.66177	0.31849
-0.84119	0.67177	0.31561
-0.83922	0.66177	0.31131
-0.91042	0.67177	0.29224
-0.90042	0.66177	0.2877
-0.87319	0.67177	0.2835
-0.8675	0.66177	0.28009
-0.84119	0.67177	0.27632
-0.83922	0.66177	0.2738
-0.91042	0.67177	0.25068
-0.90042	0.66177	0.24821
-0.87318	0.67177	0.24319
-0.8675	0.66177	0.24169
-0.84119	0.67177	0.23703
-0.83922	0.66177	0.23629
-0.91042	0.67177	0.20913
-0.90042	0.66177	0.20873
-0.87317	0.67177	0.20288
-0.86749	0.66177	0.20328
-0.84119	0.67177	0.19774
-0.83922	0.66177	0.19878
-0.91042	0.67177	0.16758
-0.90042	0.66177	0.16924
-0.87317	0.67177	0.16257
-0.86748	0.66177	0.16488
-0.84119	0.67177	0.15845
-0.83922	0.66177	0.16127
-0.91042	0.67177	0.12603
-0.90042	0.66177	0.12976
-0.87316	0.67177	0.12226
-0.86748	0.66177	0.12648
-0.84119	0.67177	0.11916
-0.83922	0.66177	0.12376
-0.91042	0.67177	0.084474
-0.90042	0.66177	0.090271
-0.87315	0.67177	0.08195
-0.86747	0.66177	0.088072
-0.84119	0.67177	0.079872
-0.83922	0.66177	0.086254
-0.91042	0.67177	0.042922
-0.90042	0.66177	0.050786
-0.87314	0.67177	0.041639
-0.86746	0.66177	0.049669
-0.84119	0.67177	0.040584
-0.83922	0.66177	0.048745
-0.91042	0.67177	0
-0.90042	0.66177	0.01
-0.87313	0.67177	0
-0.86745	0.66177	0.01
-0.84119	0.67177	0
-0.83922	0.66177	0.01
-0.91042	0.44512	0.5
-0.90042	0.44609	0.48512
-0.91042	0.44512	0.45845
-0.90042	0.44609	0.44564
-0.91042	0.48327	0.5
-0.90042	0.4824	0.48512
-0.91042	0.48327	0.45845
-0.90042	0.4824	0.44564
-0.91042	0.52103	0.5
-0.90042	0.51833	0.48512
-0.91042	0.52103	0.45845
-0.90042	0.51833	0.44564
-0.91042	0.55879	0.5
-0.90042	0.55426	0.48512
-0.91042	0.55879	0.45845
-0.90042	0.55426	0.44564
-0.91042	0.59655	0.5
-0.90042	0.59019	0.48512
-0.91042	0.59655	0.45845
-0.90042	0.59019	0.44564
-0.91042	0.63431	0.5
-0.90042	0.62612	0.48512
-0.91042	0.63431	0.45845
-0.90042	0.62612	0.44564
-0.91042	0.44512	0.41689
-0.90042	0.44609	0.40615
-0.91042	0.48327	0.41689
-0.90042	0.4824	0.40615
-0.91042	0.52103	0.41689
-0.90042	0.51833	0.40615
-0.91042	0.55879	0.41689
-0.90042	0.55426	0.40615
-0.91042	0.59655	0.41689
-0.90042	0.59019	0.40615
-0.91042	0.63431	0.41689
-0.90042	0.62612	0.40615
-0.91042	0.44512	0.37534
-0.90042	0.44609	0.36667
-0.91042	0.48327	0.37534
-0.90042	0.4824	0.36667
-0.91042	0.52103	0.37534
-0.90042	0.51833	0.36667
-0.91042	0.55879	0.37534
-0.90042	0.55426	0.36667
-0.91042	0.59655	0.37534
-0.90042	0.59019	0.36667
-0.91042	0.63431	0.37534
-0.90042	0.62612	0.36667
-0.91042	0.44512	0.33379
-0.90042	0.44609	0.32718
-0.91042	0.48327	0.33379
-0.90042	0.4824	0.32718
-0.91042	0.52103	0.33379
-0.90042	0.51833	0.32718
-0.91042	0.55879	0.33379
-0.90042	0.55426	0.32718
-0.91042	0.59655	0.33379
-0.90042	0.59019	0.32718
-0.91042	0.63431	0.33379
-0.90042	0.62612	0.32718
-0.91042	0.44512	0.29224
-0.90042	0.44609	0.2877
-0.91042	0.48327	0.29224
-0.90042	0.4824	0.2877
-0.91042	0.52103	0.29224
-0.90042	0.51833	0.2877
-0.91042	0.55879	0.29224
-0.90042	0.55426	0.2877
-0.91042	0.59655	0.29224
-0.90042	0.59019	0.2877
-0.91042	0.63431	0.29224
-0.90042	0.62612	0.2877
-0.91042	0.44512	0.25068
-0.90042	0.44609	0.24821
-0.91042	0.48327	0.25068
-0.90042	0.4824	0.24821
-0.91042	0.52103	0.25068
-0.90042	0.51833	0.24821
-0.91042	0.55879	0.25068
-0.90042	0.55426	0.24821
-0.91042	0.59655	0.25068
-0.90042	0.59019	0.24821
-0.91042	0.63431	0.25068
-0.90042	0.62612	0.24821
-0.91042	0.44512	0.20913
-0.90042	0.44609	0.20873
-0.91042	0.48327	0.20913
-0.90042	0.4824	0.20873
-0.91042	0.52103	0.20913
-0.90042	0.51833	0.20873
-0.91042	0.55879	0.20913
-0.90042	0.55426	0.20873
-0.91042	0.59655	0.20913
-0.90042	0.59019	0.20873
-0.91042	0.63431	0.20913
-0.90042	0.62612	0.20873
-0.91042	0.44512	0.16758
-0.90042	0.44609	0.16924
-0.91042	0.48327	0.16758
-0.90042	0.4824	0.16924
-0.91042	0.52103	0.16758
-0.90042	0.51833	0.16924
-0.91042	0.55879	0.16758
-0.90042	0.55426	0.16924
-0.91042	0.59655	0.16758
-0.90042	0.59019	0.16924
-0.91042	0.63431	0.16758
-0.90042	0.62612	0.16924
-0.91042	0.44512	0.12603
-0.90042	0.44609	0.12976
-0.91042	0.48327	0.12603
-0.90042	0.4824	0.12976
-0.91042	0.52103	0.12603
-0.90042	0.51833	0.12976
-0.91042	0.55879	0.12603
-0.90042	0.55426	0.12976
-0.91042	0.59655	0.12603
-0.90042	0.59019	0.12976
-0.91042	0.63431	0.12603
-0.90042	0.62612	0.12976
-0.91042	0.44512	0.084474
-0.90042	0.44609	0.090271
-0.91042	0.48327	0.084474
-0.90042	0.4824	0.090271
-0.91042	0.52103	0.084474
-0.90042	0.51833	0.090271
-0.91042	0.55879	0.084474
-0.90042	0.55426	0.090271
-0.91042	0.59655	0.084474
-0.90042	0.59019	0.090271
-0.91042	0.63431	0.084474
-0.90042	0.62612	0.090271
-0.91042	0.44512	0.042922
-0.90042	0.44609	0.050786
-0.91042	0.48327	0.042922
-0.90042	0.4824	0.050786
-0.91042	0.52103	0.042922
-0.90042	0.51833	0.050786
-0.91042	0.55879	0.042922
-0.90042	0.55426	0.050786
-0.91042	0.59655	0.042922
-0.90042	0.59019	0.050786
-0.91042	0.63431	0.042922
-0.90042	0.62612	0.050786
-0.91042	0.44512	0
-0.90042	0.44609	0.01
-0.91042	0.48327	0
-0.90042	0.4824	0.01
-0.91042	0.52103	0
-0.90042	0.51833	0.01
-0.91042	0.55879	0
-0.90042	0.55426	0.01
-0.91042	0.59655	0
-0.90042	0.59019	0.01
-0.91042	0.63431	0
-0.90042	0.62612	0.01
0.87566	0.67177	0.40474
0.8752	0.67177	0.44492
0.86969	0.66177	0.39549
0.86928	0.66177	0.43376
0.87577	0.67177	0.36448
0.86979	0.66177	0.35713
0.8758	0.67177	0.32419
0.86982	0.66177	0.31877
0.87581	0.67177	0.2839
0.86982	0.66177	0.28039
0.87581	0.67177	0.24361
0.86982	0.66177	0.24202
0.87581	0.67177	0.20331
0.86982	0.66177	0.20364
0.8758	0.67177	0.16301
0.86982	0.66177	0.16526
0.87579	0.67177	0.1227
0.8698	0.66177	0.12686
0.87571	0.67177	0.082331
0.86973	0.66177	0.088414
0.87535	0.67177	0.041715
0.86941	0.66177	0.049731
0.84119	0.67177	0.080418
0.84119	0.67177	0.041129
0.83922	0.66177	0.086775
0.83922	0.66177	0.049265
0.84119	0.67177	0.11971
0.83922	0.66177	0.12428
0.84119	0.67177	0.159
0.83922	0.66177	0.16179
0.84119	0.67177	0.19829
0.83922	0.66177	0.1993
0.84119	0.67177	0.23757
0.83922	0.66177	0.23681
0.84119	0.67177	0.27686
0.83922	0.66177	0.27432
0.84119	0.67177	0.31615
0.83922	0.66177	0.31183
0.84119	0.67177	0.35544
0.83922	0.66177	0.34934
0.84119	0.67177	0.39473
0.83922	0.66177	0.38685
0.84119	0.67177	0.43402
0.83922	0.66177	0.42436
0.87324	0.67177	0.48506
0.84119	0.67177	0.47276
0.86754	0.66177	0.47211
0.83922	0.66177	0.46135
0.87368	0.67177	0
0.86794	0.66177	0.01
0.84119	0.67177	0
0.83922	0.66177	0.01
-0.74511	0.17217	0.30957
-0.71473	0.14978	0.31243
-0.73421	0.1637	0.28962
-0.71674	0.15114	0.28949
-0.73752	0.17891	0.31388
-0.70732	0.15685	0.31351
-0.7241	0.16863	0.2942
-0.7075	0.15697	0.29225
-0.71794	0.15196	0.26884
-0.70675	0.15646	0.27256
-0.8172	0.2443	0.39384
-0.81415	0.24053	0.42702
-0.79574	0.21937	0.38554
-0.79064	0.21393	0.41821
-0.80943	0.2506	0.3889
-0.80628	0.24671	0.41789
-0.78827	0.22602	0.38126
-0.78319	0.22061	0.40961
-0.81976	0.24753	0.36281
-0.80062	0.22473	0.35648
-0.81208	0.25395	0.36182
-0.79314	0.23137	0.35607
-0.88844	0.36862	0.45068
-0.88864	0.36915	0.41109
-0.90096	0.406	0.45476
-0.90106	0.40636	0.41398
-0.87899	0.37192	0.43898
-0.87936	0.37289	0.40223
-0.89121	0.40828	0.44248
-0.89141	0.40899	0.40425
-0.90065	0.40494	0.496
-0.88786	0.36711	0.49085
-0.8908	0.4069	0.48126
-0.87825	0.36999	0.47628
-0.81092	0.23662	0.46162
-0.78575	0.20888	0.45271
-0.80294	0.24268	0.44815
-0.77834	0.21561	0.43958
-0.71618	0.15076	0.2473
-0.69646	0.13804	0.24603
-0.71562	0.15038	0.22408
-0.69594	0.13772	0.22231
-0.7033	0.15419	0.24761
-0.68669	0.14382	0.2466
-0.70294	0.15395	0.22424
-0.68655	0.14374	0.22265
-0.80488	0.22955	0.30468
-0.80367	0.22817	0.32968
-0.79079	0.21409	0.30266
-0.78683	0.20999	0.32329
-0.7974	0.2362	0.31131
-0.7962	0.23481	0.33291
-0.78334	0.22077	0.30947
-0.77943	0.21672	0.32711
-0.76999	0.1936	0.31267
-0.76261	0.2004	0.3176
-0.82979	0.26077	0.02935
-0.82834	0.25879	0.05624
-0.81403	0.24039	0.026185
-0.81116	0.23692	0.049206
-0.82274	0.26808	0.033937
-0.8212	0.26596	0.055453
-0.80745	0.24814	0.031154
-0.80434	0.24435	0.049505
-0.80021	0.22427	0
-0.82627	0.256	0
-0.79442	0.2328	0.01
-0.81941	0.26353	0.01
-0.79173	0.21508	0.03967
-0.78538	0.22292	0.04178
-0.86667	0.32023	0.2716
-0.86727	0.32138	0.24673
-0.86098	0.33107	0.27416
-0.8627	0.33454	0.24649
-0.85414	0.29769	0.30334
-0.87053	0.32782	0.29925
-0.8482	0.30735	0.30686
-0.86363	0.33644	0.3
-0.82136	0.24957	0.33371
-0.81376	0.25609	0.33655
-0.69799	0.13897	0.26844
-0.6889	0.14515	0.27061
-0.67547	0.12597	0.24581
-0.67528	0.12587	0.22102
-0.66892	0.1338	0.24663
-0.66937	0.13404	0.22152
-0.86448	0.31607	0.086092
-0.84547	0.28365	0.069356
-0.85808	0.32537	0.08576
-0.83854	0.29138	0.068334
-0.86934	0.32545	0.12674
-0.86432	0.33788	0.1274
-0.76657	0.19047	0.33772
-0.78197	0.20508	0.34776
-0.75926	0.19734	0.33899
-0.77461	0.21187	0.34805
-0.74692	0.17363	0.35273
-0.73977	0.1807	0.3514
-0.77286	0.19628	0.37336
-0.7656	0.20318	0.37003
-0.69979	0.14008	0.28684
-0.69144	0.14669	0.28844
-0.68421	0.13082	0.30257
-0.67734	0.12699	0.27192
-0.67755	0.13854	0.30248
-0.67051	0.13465	0.27323
-0.71136	0.14752	0.34795
-0.70454	0.155	0.34496
-0.65241	0.11432	0.24415
-0.65372	0.11494	0.21934
-0.64915	0.12384	0.24506
-0.65153	0.12497	0.21995
-0.76645	0.19036	0.037766
-0.77141	0.19492	0
-0.7607	0.19865	0.040414
-0.76681	0.20432	0.01
-0.87269	0.33222	0.48485
-0.85477	0.29877	0.47791
-0.87331	0.33349	0.44609
-0.85568	0.30032	0.44071
-0.86339	0.33596	0.47051
-0.84585	0.30332	0.46383
-0.86428	0.33779	0.43496
-0.8471	0.30545	0.43029
-0.87263	0.33209	0.33433
-0.85615	0.30113	0.33572
-0.86476	0.3388	0.33247
-0.84901	0.30876	0.33581
-0.73635	0.16532	0.39484
-0.76495	0.18901	0.40743
-0.72973	0.17284	0.38767
-0.75791	0.19612	0.39946
-0.58447	0.088504	0.31763
-0.57169	0.08459	0.34819
-0.56193	0.081665	0.30836
-0.53756	0.074598	0.32864
-0.5821	0.098239	0.31537
-0.56912	0.094261	0.34209
-0.56014	0.091566	0.30766
-0.53562	0.084442	0.32501
-0.56368	0.082185	0.27883
-0.59133	0.090643	0.28711
-0.56265	0.092313	0.28261
-0.58936	0.10051	0.28873
-0.53227	0.07311	0.28175
-0.53134	0.083236	0.28515
-0.67812	0.12741	0.34054
-0.67211	0.13552	0.3366
-0.80955	0.235	0.074403
-0.8256	0.25512	0.076881
-0.80243	0.24206	0.069588
-0.81836	0.26212	0.071678
-0.87362	0.33414	0.40811
-0.86486	0.33902	0.40017
-0.85645	0.30164	0.40454
-0.84821	0.30737	0.39769
-0.90102	0.40622	0.37325
-0.89145	0.4091	0.36593
-0.75793	0.18283	0.44323
-0.72755	0.15876	0.43331
-0.75114	0.19018	0.43044
-0.72146	0.1667	0.42089
-0.82189	0.25026	0.30626
-0.81435	0.25686	0.31276
-0.65003	0.1132	0.30072
-0.65112	0.11371	0.27071
-0.64535	0.12206	0.29977
-0.64678	0.12272	0.27174
-0.64473	0.11078	0.33424
-0.6402	0.11971	0.32996
-0.65264	0.11442	0.091885
-0.62871	0.10395	0.093639
-0.64969	0.11304	0.068648
-0.62841	0.10383	0.066734
-0.65151	0.12496	0.092523
-0.63024	0.1154	0.093
-0.64911	0.12381	0.071418
-0.62955	0.11511	0.068986
-0.66759	0.1218	0.047325
-0.67697	0.12678	0.086146
-0.66587	0.13218	0.052589
-0.67311	0.13607	0.087841
-0.63271	0.10559	0.037777
-0.63364	0.11683	0.043438
-0.78762	0.2108	0.071447
-0.78069	0.21802	0.067179
-0.88846	0.36868	0.37161
-0.87938	0.37293	0.36561
-0.87344	0.33378	0.37084
-0.86499	0.33927	0.36606
-0.88607	0.36256	0.28775
-0.87754	0.34254	0.26831
-0.87817	0.36979	0.28674
-0.87086	0.35213	0.26864
-0.87879	0.34533	0.24556
-0.88956	0.37157	0.24906
-0.87256	0.35605	0.24505
-0.88193	0.37979	0.24808
-0.83859	0.27326	0.30634
-0.8391	0.274	0.33568
-0.83104	0.27993	0.31263
-0.83145	0.28053	0.33794
-0.70407	0.14278	0.38591
-0.67092	0.12354	0.37727
-0.69794	0.15073	0.37836
-0.66557	0.13202	0.36944
-0.61355	0.098121	0.19242
-0.61401	0.098289	0.16942
-0.61957	0.11108	0.19253
-0.62003	0.11126	0.16955
-0.63383	0.10605	0.19361
-0.6344	0.10629	0.16983
-0.63586	0.1178	0.19381
-0.63648	0.11807	0.17005
-0.7381	0.16666	0.076972
-0.7381	0.16665	0.039575
-0.76286	0.18714	0.071616
-0.72936	0.17256	0.075287
-0.73225	0.17478	0.043603
-0.75612	0.19453	0.067434
-0.84897	0.28919	0.034889
-0.86826	0.32331	0.040765
-0.84158	0.29624	0.039653
-0.86056	0.33024	0.045951
-0.85665	0.30197	0.3695
-0.84878	0.30836	0.36617
-0.88778	0.36692	0.33148
-0.87913	0.37228	0.32809
-0.42386	0.046041	0.31849
-0.38877	0.038659	0.31514
-0.42238	0.055954	0.31473
-0.3874	0.048584	0.31134
-0.45921	0.054151	0.32231
-0.4576	0.064049	0.31852
-0.62436	0.10222	0.26582
-0.62893	0.10404	0.24064
-0.62226	0.11214	0.26797
-0.62896	0.11486	0.24322
-0.61957	0.10036	0.29515
-0.61666	0.10996	0.29478
-0.63748	0.1076	0.36889
-0.63325	0.11667	0.36109
-0.71877	0.15254	0.12711
-0.70088	0.14076	0.11983
-0.72306	0.15554	0.10794
-0.70928	0.14615	0.086929
-0.70623	0.15611	0.12707
-0.69199	0.14702	0.11995
-0.71194	0.15998	0.1057
-0.70202	0.15335	0.086995
-0.84992	0.29073	0
-0.84211	0.29711	0.01
-0.87016	0.32707	0
-0.86155	0.33222	0.01
-0.35402	0.032003	0.31259
-0.349	0.031094	0.27665
-0.3856	0.038026	0.27707
-0.35276	0.041937	0.30863
-0.34836	0.04114	0.2794
-0.38493	0.048088	0.28007
-0.59791	0.092737	0.25661
-0.60661	0.095656	0.23541
-0.59732	0.10306	0.26148
-0.61024	0.10756	0.24003
-0.49604	0.063337	0.32596
-0.4943	0.073215	0.32218
-0.613	0.097921	0.32672
-0.60992	0.10744	0.32298
-0.60399	0.094754	0.3597
-0.60089	0.10426	0.35241
-0.71557	0.15035	0.19967
-0.69602	0.13777	0.1979
-0.703	0.15399	0.19976
-0.68682	0.1439	0.19807
-0.61335	0.098048	0.14599
-0.63388	0.10608	0.14552
-0.61955	0.11107	0.14605
-0.63619	0.11794	0.14566
-0.67046	0.1233	0
-0.7059	0.14395	0.043477
-0.70668	0.14445	0
-0.67001	0.13438	0.01
-0.70167	0.15313	0.048384
-0.70475	0.15513	0.01
-0.8787	0.34512	0.21806
-0.86739	0.32161	0.21954
-0.87763	0.34276	0.19444
-0.86771	0.32224	0.19178
-0.8726	0.35613	0.21786
-0.86286	0.33487	0.21942
-0.87169	0.35401	0.19462
-0.86315	0.33545	0.1919
-0.88558	0.36133	0.17347
-0.88937	0.37107	0.21275
-0.8786	0.37089	0.17407
-0.88188	0.37966	0.2125
-0.86995	0.32664	0.16279
-0.86504	0.33938	0.1631
-0.90064	0.40491	0.29061
-0.90083	0.40557	0.33227
-0.89151	0.40932	0.28774
-0.89144	0.4091	0.32721
-0.90124	0.407	0.25019
-0.89225	0.41195	0.24853
-0.83866	0.27336	0.36698
-0.83083	0.27962	0.36523
-0.3204	0.026173	0.31159
-0.31158	0.024744	0.27896
-0.31921	0.036113	0.30723
-0.31095	0.03477	0.2809
-0.49555	0.063208	0.28147
-0.49469	0.073317	0.28465
-0.66327	0.1196	0.41378
-0.62968	0.10434	0.40435
-0.65865	0.12847	0.40205
-0.62584	0.11358	0.39295
-0.69634	0.13796	0.42358
-0.69096	0.14639	0.41151
-0.63211	0.10534	0.21704
-0.63394	0.11696	0.21767
-0.67566	0.12607	0.19641
-0.67001	0.13438	0.19665
-0.71586	0.15054	0.17489
-0.69649	0.13805	0.17298
-0.70331	0.15419	0.17498
-0.68737	0.14423	0.17316
-0.65507	0.11558	0.14533
-0.65524	0.11566	0.1705
-0.65351	0.12593	0.14551
-0.65347	0.12591	0.17073
-0.57455	0.085459	0.086328
-0.57494	0.085576	0.065496
-0.60083	0.093695	0.095361
-0.60125	0.093835	0.066087
-0.57596	0.096345	0.081219
-0.57683	0.096613	0.065648
-0.60531	0.10579	0.092091
-0.60367	0.10522	0.067185
-0.74011	0.16821	0
-0.7368	0.17833	0.01
-0.83582	0.26922	0.4344
-0.83753	0.27171	0.39993
-0.82756	0.27486	0.42473
-0.8295	0.27766	0.39425
-0.8338	0.26635	0.47
-0.82533	0.27169	0.45622
-0.27012	0.018567	0.28962
-0.2927	0.02182	0.31285
-0.26939	0.028562	0.28888
-0.29157	0.031761	0.30773
-0.42212	0.045658	0.27842
-0.45866	0.054021	0.28009
-0.42138	0.055734	0.2815
-0.45787	0.064113	0.2832
-0.6117	0.097452	0.21447
-0.61771	0.11036	0.21494
-0.65475	0.11542	0.19502
-0.65285	0.12561	0.19528
-0.6761	0.12631	0.17148
-0.67059	0.1347	0.1717
-0.65441	0.11526	0.11885
-0.63201	0.1053	0.12009
-0.65313	0.12574	0.11899
-0.6345	0.11721	0.12003
-0.67726	0.12694	0.1178
-0.67228	0.13562	0.11804
-0.61033	0.096961	0.12175
-0.61678	0.11	0.1215
-0.55141	0.078574	0.066659
-0.5528	0.078977	0.084339
-0.55299	0.089453	0.066653
-0.55379	0.089689	0.079309
-0.52639	0.071472	0.067886
-0.5277	0.082216	0.067998
-0.69762	0.13875	0.14734
-0.67648	0.12652	0.14565
-0.68849	0.1449	0.1475
-0.67111	0.13498	0.14584
-0.7167	0.15112	0.1504
-0.70409	0.1547	0.1505
-0.88601	0.36242	0.12809
-0.87883	0.37149	0.12984
-0.90036	0.40394	0.16962
-0.90115	0.40668	0.21041
-0.89156	0.40949	0.1708
-0.89222	0.41185	0.21005
-0.57158	0.084558	0.04243
-0.55063	0.078346	0.048539
-0.57383	0.095694	0.047362
-0.55277	0.089388	0.053524
-0.88531	0.36068	0.085181
-0.87735	0.36769	0.087751
-0.88611	0.36266	0.042031
-0.87749	0.36806	0.048365
-0.22589	0.012967	0.28504
-0.22532	0.022967	0.28475
-0.60017	0.093476	0.036603
-0.60257	0.10484	0.041738
-0.88681	0.36441	0
-0.87757	0.36826	0.01
-0.18689	0.0088664	0.28279
-0.18643	0.018867	0.28266
-0.63303	0.10572	0
-0.63409	0.11703	0.01
-0.14922	0.0056475	0.28136
-0.11182	0.0031695	0.28034
-0.14885	0.015648	0.28129
-0.11154	0.01317	0.28029
-0.49245	0.062409	0.06819
-0.49368	0.073055	0.068218
-0.90004	0.40287	0.084777
-0.90019	0.40337	0.042409
-0.89091	0.40725	0.089003
-0.89078	0.4068	0.049519
-0.074486	0.0014057	0.2796
-0.037194	0.00035039	0.27903
-0.074302	0.011406	0.27958
-0.037103	0.01035	0.27905
-0.38128	0.03717	0.068277
-0.4188	0.044935	0.068274
-0.38225	0.047556	0.068277
-0.41986	0.055401	0.068276
-0.90017	0.4033	0.12713
-0.89132	0.40865	0.12996
-0.90032	0.4038	0
-0.89062	0.40626	0.01
-0.456	0.053387	0.068255
-0.45715	0.063941	0.068262
-0.34358	0.030128	0.068278
-0.34446	0.040441	0.068278
-0.30573	0.023818	0.068278
-0.30652	0.034066	0.068278
-0.26777	0.018244	0.068278
-0.26847	0.028434	0.068278
-0.2297	0.013409	0.068278
-0.23031	0.023549	0.068278
-0.19155	0.0093153	0.068277
-0.19206	0.019412	0.068277
-0.15333	0.0059635	0.068272
-0.15373	0.016026	0.068274
-0.11505	0.0033552	0.068256
-0.11535	0.01339	0.068263
0	0	0.27828
4.4501e-09	0.01	0.27845
-0.076723	0.0014914	0.068197
-0.076926	0.011507	0.068223
-0.038369	0.00037288	0.067975
-0.038471	0.010377	0.068071
-4.6712e-17	0	0.067148
4.4501e-09	0.01	0.067504
0.86718	0.32121	0.089744
0.84584	0.28422	0.049042
0.86854	0.32386	0.045567
0.85957	0.32828	0.088046
0.83812	0.29072	0.04944
0.8604	0.32992	0.049478
0.82321	0.25197	0.050597
0.81605	0.25908	0.05049
0.55885	0.080752	0.073787
0.58319	0.088108	0.074085
0.5606	0.091703	0.072215
0.58643	0.099588	0.073537
0.52827	0.071994	0.069666
0.52954	0.08273	0.069237
0.73761	0.16628	0.072767
0.73871	0.16713	0.037582
0.7073	0.14486	0.072577
0.70682	0.14454	0.036664
0.73061	0.17351	0.071327
0.73364	0.17585	0.04172
0.70079	0.15255	0.074181
0.70261	0.15373	0.042419
0.71081	0.14716	0.10539
0.70167	0.15313	0.1033
0.57604	0.085911	0.045412
0.60465	0.09498	0.037569
0.60997	0.096834	0.06955
0.57886	0.097236	0.050192
0.60702	0.1064	0.042973
0.61253	0.1084	0.070855
0.87047	0.3277	0.12739
0.86534	0.34001	0.12794
0.66232	0.11912	0.19076
0.68652	0.13214	0.1907
0.66268	0.1193	0.16452
0.68661	0.13219	0.16296
0.65917	0.12873	0.19085
0.67906	0.13939	0.19076
0.65953	0.12892	0.16465
0.6792	0.13947	0.1631
0.63874	0.10814	0.19068
0.63933	0.1084	0.16584
0.63994	0.11959	0.19076
0.64047	0.11983	0.16595
0.61249	0.097738	0.098437
0.61646	0.10988	0.096079
0.67206	0.12414	0.036841
0.67164	0.12392	0.075985
0.6702	0.13449	0.043083
0.66841	0.13353	0.078278
0.70675	0.1445	0
0.67066	0.1234	0
0.70482	0.15518	0.01
0.6702	0.13449	0.01
0.76081	0.18533	0.072202
0.76735	0.19117	0.040804
0.75409	0.19274	0.068327
0.76158	0.19945	0.043063
0.74091	0.16884	0
0.73757	0.17894	0.01
0.66181	0.11887	0.13893
0.68552	0.13156	0.13562
0.65952	0.11774	0.11484
0.68213	0.12964	0.10786
0.65895	0.12862	0.13905
0.67845	0.13905	0.13573
0.65732	0.12781	0.11545
0.67651	0.13795	0.10858
0.63887	0.1082	0.14137
0.6376	0.10765	0.1178
0.64019	0.11971	0.14146
0.63924	0.11928	0.11814
0.65597	0.11601	0.095231
0.65447	0.1264	0.096237
0.63638	0.10713	0.094862
0.63736	0.11845	0.094903
0.63908	0.10829	0.068749
0.63938	0.11935	0.071338
0.79527	0.21886	0.053347
0.77902	0.20218	0.075183
0.78866	0.22643	0.052759
0.77211	0.20941	0.070368
0.71082	0.14716	0.1905
0.71084	0.14718	0.16134
0.69909	0.15146	0.19055
0.69916	0.15151	0.16144
0.61631	0.099139	0.14361
0.61524	0.098742	0.12103
0.62192	0.112	0.14365
0.621	0.11164	0.1211
0.6376	0.10765	0.035566
0.63817	0.11881	0.041738
0.63362	0.10597	0
0.63466	0.11728	0.01
0.77217	0.19563	0
0.76753	0.205	0.01
0.80091	0.22506	0
0.79509	0.23356	0.01
0.71838	0.15227	0.28049
0.71237	0.14819	0.24952
0.71049	0.15898	0.28404
0.7003	0.15224	0.25038
0.74864	0.17503	0.31795
0.7151	0.15003	0.31462
0.74157	0.18216	0.32196
0.70844	0.1576	0.31549
0.5546	0.079504	0.051909
0.55699	0.090631	0.056315
0.827	0.25698	0
0.82011	0.26448	0.01
0.85004	0.29092	0
0.84222	0.2973	0.01
0.71063	0.14704	0.13303
0.69906	0.15144	0.13307
0.61605	0.099042	0.19065
0.61658	0.099238	0.16712
0.62164	0.11189	0.19069
0.62208	0.11207	0.16718
0.87055	0.32786	0
0.86193	0.33298	0.01
0.68558	0.1316	0.2778
0.6823	0.12973	0.30997
0.67872	0.1392	0.27876
0.67607	0.13771	0.30842
0.68574	0.13169	0.24771
0.6776	0.13857	0.24924
0.87059	0.32793	0.16225
0.86561	0.3406	0.16252
0.88689	0.36462	0.12806
0.88638	0.36334	0.086285
0.87968	0.37373	0.12962
0.87798	0.3693	0.088252
0.88635	0.36326	0.17322
0.87929	0.37269	0.17386
0.70946	0.14627	0.35022
0.74144	0.16926	0.3562
0.7032	0.15412	0.34691
0.73471	0.17669	0.35462
0.67679	0.12668	0.34361
0.67105	0.13495	0.33885
0.49291	0.062527	0.068595
0.49413	0.073171	0.068495
0.88663	0.36398	0.043548
0.88726	0.36558	0
0.87782	0.36888	0.049461
0.87801	0.36938	0.01
0.45613	0.053418	0.068323
0.45728	0.063971	0.068309
0.41883	0.044942	0.068274
0.41989	0.055408	0.068275
0.3813	0.037173	0.068278
0.38227	0.047559	0.068278
0.90052	0.40448	0.1271
0.90039	0.40405	0.08509
0.89167	0.4099	0.12974
0.8911	0.4079	0.089025
0.90073	0.4052	0.16934
0.89189	0.41065	0.17054
0.65061	0.11347	0.30408
0.64443	0.11065	0.3363
0.64615	0.12243	0.30282
0.64009	0.11966	0.33179
0.65535	0.11571	0.27338
0.65084	0.12464	0.27487
0.71093	0.14723	0.22025
0.68606	0.13187	0.21895
0.6991	0.15147	0.22047
0.67843	0.13903	0.21938
0.65857	0.11727	0.24479
0.65435	0.12634	0.24695
0.34358	0.030129	0.068278
0.34446	0.040442	0.068278
0.84636	0.28504	0.3483
0.86283	0.313	0.3567
0.8499	0.29069	0.31629
0.86416	0.31546	0.32058
0.83824	0.29091	0.34798
0.85446	0.31854	0.3539
0.84191	0.29679	0.31972
0.85601	0.32144	0.32119
0.82837	0.25884	0.33287
0.82071	0.2653	0.33577
0.86289	0.31311	0.28504
0.85564	0.32075	0.288
0.30573	0.023818	0.068278
0.30652	0.034066	0.068278
0.66096	0.11845	0.21752
0.65765	0.12797	0.21813
0.90226	0.41059	0.33032
0.89161	0.37715	0.32775
0.90208	0.40995	0.37061
0.89116	0.3759	0.36693
0.89265	0.41338	0.32553
0.88242	0.38114	0.32466
0.89243	0.41259	0.36338
0.88185	0.37957	0.36108
0.86672	0.32032	0.25202
0.86193	0.33298	0.25197
0.26777	0.018244	0.068278
0.26847	0.028434	0.068278
0.56215	0.081732	0.27912
0.59913	0.093134	0.25706
0.59108	0.090567	0.28793
0.56115	0.091866	0.28281
0.59844	0.10344	0.26213
0.5892	0.10046	0.28948
0.60852	0.096321	0.2353
0.61201	0.10821	0.24029
0.8747	0.33642	0.44285
0.87649	0.34025	0.40201
0.85764	0.3037	0.43614
0.86043	0.30864	0.39555
0.86553	0.34041	0.4319
0.86745	0.34453	0.39436
0.84889	0.30854	0.42595
0.85187	0.31381	0.38913
0.85477	0.29877	0.47791
0.87269	0.33222	0.48485
0.84585	0.30332	0.46383
0.86339	0.33596	0.47051
0.90219	0.41036	0.25049
0.90169	0.40856	0.21048
0.89303	0.41476	0.24874
0.89266	0.41339	0.21027
0.8917	0.37741	0.25142
0.8905	0.37412	0.21368
0.88369	0.38473	0.25032
0.88281	0.38224	0.2136
0.2297	0.013409	0.068278
0.23031	0.023549	0.068278
0.70305	0.14213	0.38666
0.7346	0.16399	0.3947
0.69719	0.15026	0.379
0.72818	0.17167	0.38768
0.67031	0.12322	0.37837
0.6651	0.13178	0.37017
0.90233	0.41086	0.29025
0.89179	0.37764	0.28926
0.89291	0.41431	0.28721
0.88307	0.38298	0.28759
0.84228	0.27875	0.38736
0.83403	0.28441	0.38271
0.82182	0.25016	0.37726
0.81405	0.25647	0.3745
0.80485	0.22951	0.32588
0.79741	0.2362	0.32969
0.90042	0.40414	0.042855
0.89093	0.40731	0.049786
0.58298	0.088045	0.31815
0.55917	0.080847	0.30837
0.58072	0.09781	0.31581
0.55744	0.090765	0.3076
0.53226	0.073107	0.32785
0.56876	0.083706	0.34804
0.53037	0.082963	0.32418
0.56626	0.093396	0.3419
0.52936	0.072298	0.28158
0.52845	0.082426	0.28491
0.63716	0.10746	0.36979
0.63303	0.11658	0.36189
0.90065	0.40494	0.496
0.9013	0.40719	0.4532
0.8908	0.4069	0.48126
0.89152	0.40936	0.44103
0.88786	0.36711	0.49085
0.88928	0.37083	0.44853
0.87825	0.36999	0.47628
0.87976	0.37392	0.43692
0.83811	0.27255	0.42828
0.82974	0.27802	0.4191
0.81623	0.24309	0.41956
0.80836	0.24926	0.41142
0.79795	0.22177	0.36916
0.79053	0.22847	0.36716
0.87986	0.34774	0.25272
0.87969	0.34737	0.22022
0.87325	0.35766	0.25217
0.87338	0.35797	0.22015
0.19155	0.0093153	0.068277
0.19206	0.019412	0.068277
0.63672	0.10728	0.21568
0.63786	0.11867	0.21633
0.6271	0.1033	0.26703
0.63281	0.10563	0.24073
0.62487	0.11318	0.26953
0.63235	0.11628	0.2441
0.62049	0.10071	0.29681
0.61783	0.1104	0.29629
0.87901	0.34582	0.2878
0.87119	0.35286	0.28752
0.90175	0.40878	0.41157
0.89034	0.37368	0.40725
0.89205	0.41123	0.40186
0.88092	0.37704	0.39853
0.87793	0.34341	0.3625
0.86904	0.34801	0.35808
0.79166	0.215	0.41107
0.78424	0.22172	0.40347
0.86776	0.32233	0.22084
0.86313	0.33541	0.22082
0.15333	0.0059635	0.068272
0.15373	0.016026	0.068274
0.61295	0.097903	0.32795
0.61008	0.1075	0.32409
0.60336	0.094542	0.36027
0.60039	0.10409	0.35293
0.66327	0.1196	0.41378
0.69634	0.13796	0.42358
0.65865	0.12847	0.40205
0.69096	0.14639	0.41151
0.62968	0.10434	0.40435
0.62584	0.11358	0.39295
0.77794	0.20113	0.32153
0.77103	0.19457	0.3624
0.77065	0.20799	0.32568
0.76392	0.20161	0.36082
0.87876	0.34526	0.32461
0.87003	0.35025	0.32328
0.8338	0.26635	0.47
0.82533	0.27169	0.45622
0.81092	0.23662	0.46162
0.80294	0.24268	0.44815
0.87839	0.34443	0.19508
0.86815	0.32309	0.19179
0.87231	0.35546	0.19531
0.86351	0.33619	0.19191
0.11505	0.0033552	0.068257
0.11535	0.01339	0.068263
0.614	0.098287	0.21368
0.61969	0.11113	0.21413
0.72755	0.15876	0.43331
0.72146	0.1667	0.42089
0.78575	0.20888	0.45271
0.77834	0.21561	0.43958
0.076723	0.0014914	0.068197
0.076926	0.011507	0.068223
0.76437	0.18849	0.40285
0.75742	0.19568	0.39565
0.90046	0.40427	0
0.89075	0.40671	0.01
0.75793	0.18283	0.44323
0.75114	0.19018	0.43044
0.49096	0.062023	0.28081
0.4872	0.061063	0.3243
0.49013	0.072136	0.28398
0.48551	0.070952	0.32054
0.45252	0.052564	0.27898
0.44732	0.051347	0.32001
0.45176	0.06266	0.28213
0.44578	0.061256	0.31629
0.41455	0.044016	0.27689
0.40893	0.042818	0.31569
0.41386	0.054096	0.28006
0.40753	0.052743	0.31205
0.3769	0.036312	0.27488
0.37106	0.035186	0.31164
0.37627	0.046378	0.27809
0.36979	0.045124	0.30805
0.30363	0.02349	0.27269
0.29835	0.022675	0.30547
0.33972	0.029449	0.27337
0.3337	0.028408	0.30817
0.30311	0.03353	0.2757
0.29733	0.032635	0.30183
0.33915	0.039502	0.27654
0.33255	0.038358	0.30458
0.26971	0.01851	0.2741
0.2356	0.014109	0.28176
0.26921	0.028536	0.27656
0.23502	0.024112	0.2824
0.27088	0.018672	0.30403
0.26994	0.028638	0.30025
0.19763	0.0099175	0.28253
0.19712	0.019917	0.28264
0.15851	0.0063737	0.28169
0.15809	0.016373	0.28167
0.11898	0.0035885	0.28066
0.11866	0.013588	0.28061
0.079292	0.001593	0.27978
0.079083	0.011593	0.27975
0.039589	0.00039699	0.27909
0.039485	0.010397	0.2791
0.038369	0.00037288	0.067975
0.038471	0.010377	0.068071
0.69522	0.2554	0.42324
0.65032	0.29163	0.41008
0.72323	0.28631	0.43193
0.6864	0.32594	0.42058
0.6906	0.25895	0.4114
0.64713	0.29311	0.3988
0.71815	0.28893	0.41985
0.68265	0.32639	0.40903
0.67361	0.22398	0.41679
0.64316	0.24426	0.40807
0.66932	0.2286	0.40512
0.63977	0.2477	0.39675
0.6089	0.24505	0.39878
0.61429	0.21311	0.40021
0.6364	0.21883	0.4062
0.60633	0.24812	0.38777
0.61138	0.2176	0.3891
0.633	0.22328	0.39489
0.62768	0.18496	0.40381
0.65304	0.19996	0.41085
0.62429	0.19078	0.39253
0.64911	0.20537	0.39935
0.83564	0.43192	0.47068
0.81024	0.46512	0.46138
0.85334	0.45205	0.47736
0.84816	0.47322	0.47539
0.82855	0.43097	0.4574
0.80455	0.46211	0.44872
0.84568	0.45084	0.46376
0.84086	0.47095	0.46196
0.82188	0.50729	0.4656
0.8468	0.49541	0.47488
0.81632	0.50277	0.45294
0.83983	0.49211	0.46157
0.77903	0.42593	0.45039
0.81517	0.39743	0.46316
0.7739	0.42379	0.43806
0.80844	0.39732	0.45011
0.75088	0.38905	0.44089
0.79412	0.34926	0.45564
0.74611	0.38787	0.4288
0.78757	0.35059	0.44276
0.71911	0.35683	0.43063
0.755	0.31682	0.44226
0.71486	0.35643	0.41882
0.74935	0.31868	0.42985
0.6019	0.28483	0.39695
0.59981	0.2861	0.38608
0.6738	0.17184	0.41684
0.64455	0.15399	0.40846
0.66918	0.17863	0.40508
0.64058	0.16125	0.39698
0.70089	0.19415	0.42497
0.6957	0.20031	0.41294
0.72764	0.22021	0.43334
0.72192	0.22562	0.42103
0.7549	0.24747	0.44222
0.74864	0.25216	0.42962
0.78241	0.27463	0.45156
0.7756	0.27866	0.43864
0.81	0.29941	0.46129
0.80254	0.303	0.44801
0.83546	0.31352	0.47062
0.83931	0.34503	0.47206
0.82727	0.31712	0.45693
0.83123	0.34754	0.45838
0.852	0.38147	0.47685
0.84382	0.38289	0.46306
0.86588	0.41638	0.48219
0.85748	0.41689	0.46824
0.87626	0.44767	0.48625
0.86765	0.44739	0.47215
0.87598	0.47834	0.48614
0.86747	0.47666	0.47208
0.87102	0.51006	0.48419
0.86299	0.50677	0.47035
0.85278	0.54508	0.47715
0.84617	0.53972	0.46395
0.57427	0.23766	0.38994
0.56295	0.27349	0.38717
0.57247	0.24072	0.3792
0.56166	0.27489	0.37658
0.58512	0.20411	0.39265
0.58287	0.20871	0.38178
0.59834	0.17197	0.39603
0.5956	0.17808	0.385
0.61341	0.13907	0.39997
0.61013	0.14671	0.38877
0.81987	0.59375	0.46487
0.83225	0.63273	0.46942
0.86414	0.59182	0.48151
0.87038	0.63267	0.48394
0.81687	0.58571	0.45314
0.8297	0.62369	0.45782
0.85763	0.58473	0.46829
0.86416	0.62408	0.4708
0.80404	0.55538	0.45916
0.80072	0.54836	0.44737
0.78568	0.51966	0.45269
0.78221	0.51362	0.44091
0.76476	0.48598	0.44553
0.76125	0.48088	0.4338
0.74015	0.4528	0.43737
0.73673	0.44863	0.42575
0.7134	0.4224	0.42884
0.7102	0.41909	0.41737
0.68494	0.39494	0.42014
0.68206	0.3924	0.40885
0.65415	0.36969	0.41117
0.65168	0.36784	0.40008
0.62178	0.34725	0.40221
0.61981	0.34601	0.39133
0.58626	0.32671	0.39294
0.58488	0.32599	0.38228
0.55024	0.30967	0.38414
0.54951	0.30936	0.37369
-0.65918	0.27503	0.4126
-0.62402	0.25052	0.40281
-0.66919	0.24724	0.4155
-0.6554	0.23086	0.41152
-0.65584	0.27743	0.40125
-0.62125	0.25356	0.39172
-0.66531	0.25091	0.40396
-0.6517	0.23505	0.40008
-0.62138	0.21261	0.4021
-0.64537	0.21313	0.40869
-0.61836	0.21722	0.39094
-0.64177	0.21795	0.39731
-0.69568	0.23907	0.42338
-0.70693	0.28222	0.42683
-0.69105	0.24338	0.41154
-0.70246	0.28491	0.41499
-0.67735	0.21391	0.41789
-0.67296	0.21904	0.40618
-0.65728	0.19465	0.41206
-0.65326	0.20035	0.40052
-0.63111	0.18282	0.40474
-0.62766	0.18876	0.39344
-0.64085	0.31126	0.40743
-0.60398	0.29112	0.3975
-0.63838	0.31194	0.39637
-0.6021	0.29223	0.38667
-0.67925	0.33128	0.41845
-0.67612	0.33159	0.4071
-0.71517	0.35858	0.42939
-0.74825	0.31625	0.44002
-0.71148	0.35825	0.41777
-0.74306	0.31813	0.4278
-0.74821	0.39009	0.44001
-0.79113	0.35027	0.45459
-0.74396	0.38904	0.42809
-0.78492	0.35163	0.44184
-0.77482	0.4266	0.44894
-0.81227	0.40058	0.46211
-0.77029	0.42457	0.43684
-0.80596	0.40041	0.44922
-0.79842	0.46303	0.45716
-0.83211	0.4401	0.46937
-0.79368	0.46	0.44489
-0.8256	0.43885	0.45632
-0.82224	0.50012	0.46573
-0.85221	0.47545	0.47693
-0.81714	0.49611	0.45324
-0.84524	0.47331	0.4636
-0.87577	0.50542	0.48606
-0.85467	0.54259	0.47787
-0.86774	0.50254	0.47219
-0.84826	0.53749	0.46474
-0.88946	0.48156	0.49149
-0.87907	0.45562	0.48736
-0.88058	0.48017	0.4772
-0.87063	0.45513	0.47331
-0.86556	0.42103	0.48207
-0.85741	0.42142	0.46821
-0.85106	0.38361	0.47649
-0.84306	0.385	0.46278
-0.83841	0.34596	0.47172
-0.83047	0.34847	0.4581
-0.83467	0.31392	0.47032
-0.80843	0.29944	0.46073
-0.82658	0.31752	0.45668
-0.80113	0.30306	0.44751
-0.77946	0.27382	0.45054
-0.77285	0.27789	0.43771
-0.75068	0.2449	0.44082
-0.74461	0.2497	0.42831
-0.72635	0.21468	0.43293
-0.72069	0.22036	0.42065
-0.70145	0.18942	0.42514
-0.69626	0.19582	0.41311
-0.67512	0.16876	0.41723
-0.67048	0.17571	0.40546
-0.64584	0.15255	0.40882
-0.64185	0.15989	0.39733
-0.60011	0.17136	0.39649
-0.61405	0.13848	0.40014
-0.59734	0.17751	0.38545
-0.61077	0.14614	0.38893
-0.58839	0.20442	0.39348
-0.5861	0.20906	0.38259
-0.57857	0.23974	0.39101
-0.57674	0.24278	0.38026
-0.56438	0.2754	0.38752
-0.56317	0.27677	0.37694
-0.58675	0.32697	0.39307
-0.54994	0.30954	0.38407
-0.58563	0.32639	0.38247
-0.54934	0.30932	0.37365
-0.62128	0.34694	0.40208
-0.61971	0.3459	0.3913
-0.6547	0.37011	0.41133
-0.65271	0.3685	0.40036
-0.68544	0.39538	0.42029
-0.68309	0.39311	0.40916
-0.7139	0.42293	0.429
-0.71127	0.41991	0.41771
-0.74028	0.45296	0.43741
-0.73745	0.44909	0.42598
-0.76439	0.48543	0.4454
-0.76147	0.48063	0.43387
-0.78634	0.52082	0.45292
-0.78341	0.51498	0.44132
-0.80438	0.55612	0.45928
-0.80159	0.54923	0.44767
-0.81969	0.59325	0.4648
-0.86459	0.59102	0.48169
-0.81717	0.58527	0.45325
-0.85827	0.58401	0.46854
-0.83225	0.63273	0.46942
-0.8705	0.63248	0.48399
-0.83014	0.6236	0.45798
-0.86447	0.62387	0.47092
-0.6836	0.17593	7.4206e-19
-0.6573	0.15376	2.2737e-18
-0.65815	0.19974	5.5558e-19
-0.64528	0.17523	1.627e-18
-0.68263	0.18498	0.01
-0.65738	0.16339	0.01
-0.65822	0.20745	0.01
-0.64585	0.18379	0.01
-0.62253	0.17416	1.9516e-18
-0.62682	0.20833	3.4276e-19
-0.62401	0.18246	0.01
-0.62813	0.21527	0.01
-0.6274	0.14184	7.2682e-18
-0.62868	0.15156	0.01
-0.67655	0.24748	-5.4334e-19
-0.71125	0.20601	8.8106e-20
-0.67595	0.25342	0.01
-0.70918	0.21415	0.01
-0.63199	0.25116	-1.0173e-18
-0.63314	0.25638	0.01
-0.66353	0.30949	-2.0326e-18
-0.69621	0.32159	-1.0486e-18
-0.71586	0.27567	-5.1717e-19
-0.66362	0.31264	0.01
-0.69509	0.32462	0.01
-0.71378	0.28091	0.01
-0.62907	0.29894	-4.1708e-18
-0.63041	0.30212	0.01
-0.68248	0.39276	0
-0.65452	0.36997	0
-0.68226	0.39257	0.01
-0.65515	0.37045	0.01
-0.72768	0.32687	-5.4773e-19
-0.73942	0.36099	-2.3477e-19
-0.72529	0.33008	0.01
-0.73669	0.36289	0.01
-0.75014	0.29834	-3.1716e-19
-0.7467	0.30306	0.01
-0.78422	0.3317	-1.2292e-19
-0.77943	0.33547	0.01
-0.79837	0.37792	-3.8471e-20
-0.75528	0.39552	-7.5807e-20
-0.79319	0.37991	0.01
-0.75212	0.39614	0.01
-0.81181	0.41427	6.0688e-21
-0.77306	0.4279	-1.2852e-20
-0.80631	0.41489	0.01
-0.76947	0.42734	0.01
-0.82279	0.44567	2.2639e-20
-0.79049	0.45874	5.2147e-21
-0.81709	0.4451	0.01
-0.78651	0.45706	0.01
-0.8083	0.48788	1.3068e-20
-0.8292	0.47009	2.2318e-20
-0.80387	0.48513	0.01
-0.82344	0.4685	0.01
-0.74248	0.23434	-1.0538e-19
-0.73918	0.24168	0.01
-0.77315	0.26106	-1.0106e-19
-0.76862	0.26767	0.01
-0.80206	0.28733	-4.4458e-20
-0.79635	0.29321	0.01
-0.829	0.30353	-9.4915e-21
-0.8315	0.33451	-1.3227e-20
-0.82215	0.30909	0.01
-0.82463	0.33881	0.01
-0.84226	0.37123	9.2366e-21
-0.83507	0.37414	0.01
-0.85327	0.40791	2.2295e-20
-0.8458	0.40945	0.01
-0.86074	0.44392	2.332e-20
-0.85317	0.44408	0.01
-0.86038	0.47899	1.6751e-20
-0.85304	0.4775	0.01
-0.84412	0.51691	8.0379e-21
-0.83806	0.51338	0.01
-0.85751	0.55963	2.6287e-21
-0.85123	0.55434	0.01
-0.86551	0.59806	8.0756e-22
-0.85924	0.59115	0.01
-0.8707	0.63512	2.1535e-22
-0.86461	0.62665	0.01
-0.82273	0.6018	0
-0.83328	0.63658	0
-0.82006	0.59426	0.01
-0.83088	0.6278	0.01
-0.80949	0.5676	0
-0.80673	0.56129	0.01
-0.79394	0.53484	0
-0.79123	0.52972	0.01
-0.77624	0.50369	0
-0.77374	0.4997	0.01
-0.75596	0.47344	0
-0.75384	0.47053	0.01
-0.73343	0.44469	0
-0.73182	0.44278	0.01
-0.70903	0.41789	0
-0.70805	0.41689	0.01
-0.62442	0.34894	0
-0.62602	0.34998	0.01
0.62882	0.20503	9.1456e-19
0.62366	0.17258	2.1364e-18
0.65923	0.19417	1.1011e-18
0.6466	0.17264	1.8304e-18
0.63004	0.21214	0.01
0.62508	0.18097	0.01
0.65922	0.20214	0.01
0.64711	0.18133	0.01
0.65774	0.15211	2.218e-18
0.68338	0.17262	9.4478e-19
0.6578	0.16182	0.01
0.68239	0.18181	0.01
0.62791	0.14116	6.8172e-18
0.62917	0.15092	0.01
0.64975	0.2952	1.6995e-19
0.70123	0.2612	3.0679e-19
0.69054	0.3305	1.0275e-19
0.73473	0.29563	1.5334e-19
0.65022	0.29882	0.01
0.69957	0.26691	0.01
0.68956	0.33312	0.01
0.73183	0.30029	0.01
0.63783	0.24353	4.1497e-19
0.67725	0.22476	5.7754e-19
0.63869	0.24915	0.01
0.67652	0.23169	0.01
0.72425	0.36222	6.0502e-20
0.77757	0.33149	7.1902e-20
0.72211	0.36389	0.01
0.77301	0.33519	0.01
0.75063	0.3958	3.5549e-20
0.79594	0.37803	4.143e-20
0.74765	0.39635	0.01
0.79084	0.37999	0.01
0.77225	0.42828	2.2964e-20
0.81169	0.41458	2.6746e-20
0.76869	0.42769	0.01
0.80619	0.41519	0.01
0.79101	0.45918	1.5455e-20
0.82362	0.44601	1.8252e-20
0.78701	0.45748	0.01
0.81788	0.44544	0.01
0.80931	0.48834	1.0288e-20
0.83021	0.47043	1.2633e-20
0.80484	0.48558	0.01
0.8244	0.46884	0.01
0.86139	0.4792	8.6282e-21
0.84489	0.51725	4.8673e-21
0.85399	0.47771	0.01
0.8388	0.51372	0.01
0.86169	0.44421	1.2541e-20
0.85408	0.44438	0.01
0.85387	0.40839	1.8001e-20
0.84636	0.40992	0.01
0.84211	0.37193	2.5383e-20
0.83491	0.37481	0.01
0.8304	0.33527	3.4328e-20
0.82356	0.33953	0.01
0.8281	0.30396	3.2923e-20
0.79962	0.28688	6.3709e-20
0.82127	0.3095	0.01
0.79399	0.29275	0.01
0.7685	0.25894	1.1988e-19
0.76411	0.26559	0.01
0.73825	0.22889	2.3049e-19
0.73505	0.23643	0.01
0.70998	0.19915	4.5029e-19
0.70791	0.20757	0.01
0.86568	0.5983	5.7888e-22
0.85779	0.55994	1.6159e-21
0.8594	0.59139	0.01
0.85151	0.55464	0.01
0.87093	0.63535	1.4713e-22
0.86482	0.62687	0.01
0.62506	0.34935	0
0.62664	0.35038	0.01
0.65528	0.37054	0
0.65589	0.37101	0.01
0.68324	0.39343	0
0.68299	0.39322	0.01
0.7097	0.41858	0
0.7087	0.41756	0.01
0.73404	0.4454	0
0.73241	0.44348	0.01
0.75645	0.47411	0
0.75432	0.47118	0.01
0.77666	0.50437	0
0.77416	0.50036	0.01
0.79435	0.53562	0
0.79164	0.53048	0.01
0.80977	0.56825	0
0.80701	0.56191	0.01
0.82286	0.60219	0
0.82019	0.59463	0.01
0.83347	0.63726	0
0.83107	0.62846	0.01
