6	2	4	8	5	1	3	7
10	6	8	12	9	5	7	11
14	10	12	16	13	9	11	15
18	14	16	20	17	13	15	19
8	4	22	24	7	3	21	23
12	8	24	26	11	7	23	25
16	12	26	28	15	11	25	27
20	16	28	30	19	15	27	29
36	32	34	38	35	31	33	37
40	36	38	42	39	35	37	41
44	40	42	46	43	39	41	45
48	44	46	50	47	43	45	49
38	34	52	54	37	33	51	53
42	38	54	56	41	37	53	55
46	42	56	58	45	41	55	57
50	46	58	60	49	45	57	59
54	52	62	64	53	51	61	63
56	54	64	66	55	53	63	65
58	56	66	68	57	55	65	67
60	58	68	70	59	57	67	69
64	62	72	74	63	61	71	73
66	64	74	76	65	63	73	75
68	66	76	78	67	65	75	77
70	68	78	80	69	67	77	79
74	72	2	6	73	71	1	5
76	74	6	10	75	73	5	9
78	76	10	14	77	75	9	13
80	78	14	18	79	77	13	17
86	82	84	88	85	81	83	87
90	86	88	92	89	85	87	91
94	90	92	96	93	89	91	95
98	94	96	100	97	93	95	99
88	84	32	36	87	83	31	35
92	88	36	40	91	87	35	39
96	92	40	44	95	91	39	43
100	96	44	48	99	95	43	47
106	102	104	108	105	101	103	107
110	106	108	112	109	105	107	111
114	110	112	116	113	109	111	115
118	114	116	120	117	113	115	119
108	104	122	124	107	103	121	123
112	108	124	126	111	107	123	125
116	112	126	128	115	111	125	127
120	116	128	130	119	115	127	129
124	122	132	134	123	121	131	133
126	124	134	136	125	123	133	135
128	126	136	138	127	125	135	137
130	128	138	140	129	127	137	139
134	132	82	86	133	131	81	85
136	134	86	90	135	133	85	89
138	136	90	94	137	135	89	93
140	138	94	98	139	137	93	97
146	142	144	148	145	141	143	147
150	146	148	152	149	145	147	151
154	150	152	156	153	149	151	155
158	154	156	160	157	153	155	159
148	144	102	106	147	143	101	105
152	148	106	110	151	147	105	109
156	152	110	114	155	151	109	113
160	156	114	118	159	155	113	117
166	162	164	168	165	161	163	167
170	166	168	172	169	165	167	171
174	170	172	176	173	169	171	175
178	174	176	180	177	173	175	179
168	164	182	184	167	163	181	183
172	168	184	186	171	167	183	185
176	172	186	188	175	171	185	187
180	176	188	190	179	175	187	189
184	182	192	194	183	181	191	193
186	184	194	196	185	183	193	195
188	186	196	198	187	185	195	197
190	188	198	200	189	187	197	199
194	192	142	146	193	191	141	145
196	194	146	150	195	193	145	149
198	196	150	154	197	195	149	153
200	198	154	158	199	197	153	157
206	202	204	208	205	201	203	207
210	206	208	212	209	205	207	211
214	210	212	216	213	209	211	215
218	214	216	220	217	213	215	219
208	204	162	166	207	203	161	165
212	208	166	170	211	207	165	169
216	212	170	174	215	211	169	173
220	216	174	178	219	215	173	177
222	221	223	224	226	225	227	228
224	223	229	230	228	227	231	232
221	233	234	223	225	235	236	227
223	234	237	229	227	236	238	231
233	239	240	234	235	241	242	236
234	240	243	237	236	242	244	238
239	245	246	240	241	247	248	242
240	246	249	243	242	248	250	244
256	252	254	258	255	251	253	257
260	256	258	262	259	255	257	261
264	260	262	266	263	259	261	265
268	264	266	270	267	263	265	269
272	268	270	274	271	267	269	273
276	272	274	278	275	271	273	277
258	254	280	282	257	253	279	281
262	258	282	284	261	257	281	283
266	262	284	286	265	261	283	285
270	266	286	288	269	265	285	287
274	270	288	290	273	269	287	289
278	274	290	292	277	273	289	291
295	293	297	299	296	294	298	300
299	297	301	303	300	298	302	304
303	301	305	307	304	302	306	308
307	305	309	311	308	306	310	312
313	295	299	315	314	296	300	316
315	299	303	317	316	300	304	318
317	303	307	319	318	304	308	320
319	307	311	321	320	308	312	322
323	313	315	325	324	314	316	326
325	315	317	327	326	316	318	328
327	317	319	329	328	318	320	330
329	319	321	331	330	320	322	332
333	323	325	335	334	324	326	336
335	325	327	337	336	326	328	338
337	327	329	339	338	328	330	340
339	329	331	341	340	330	332	342
348	344	346	350	347	343	345	349
352	348	350	354	351	347	349	353
356	352	354	358	355	351	353	357
360	356	358	362	359	355	357	361
364	360	362	366	363	359	361	365
368	364	366	370	367	363	365	369
350	346	372	374	349	345	371	373
354	350	374	376	353	349	373	375
358	354	376	378	357	353	375	377
362	358	378	380	361	357	377	379
366	362	380	382	365	361	379	381
370	366	382	384	369	365	381	383
374	372	386	388	373	371	385	387
376	374	388	390	375	373	387	389
378	376	390	392	377	375	389	391
380	378	392	394	379	377	391	393
382	380	394	396	381	379	393	395
384	382	396	398	383	381	395	397
388	386	400	402	387	385	399	401
390	388	402	404	389	387	401	403
392	390	404	406	391	389	403	405
394	392	406	408	393	391	405	407
396	394	408	410	395	393	407	409
398	396	410	412	397	395	409	411
402	400	414	416	401	399	413	415
404	402	416	418	403	401	415	417
406	404	418	420	405	403	417	419
408	406	420	422	407	405	419	421
410	408	422	424	409	407	421	423
412	410	424	426	411	409	423	425
416	414	428	430	415	413	427	429
418	416	430	432	417	415	429	431
420	418	432	434	419	417	431	433
422	420	434	436	421	419	433	435
424	422	436	438	423	421	435	437
426	424	438	440	425	423	437	439
430	428	442	444	429	427	441	443
432	430	444	446	431	429	443	445
434	432	446	448	433	431	445	447
436	434	448	450	435	433	447	449
438	436	450	452	437	435	449	451
440	438	452	454	439	437	451	453
444	442	456	458	443	441	455	457
446	444	458	460	445	443	457	459
448	446	460	462	447	445	459	461
450	448	462	464	449	447	461	463
452	450	464	466	451	449	463	465
454	452	466	468	453	451	465	467
458	456	470	472	457	455	469	471
460	458	472	474	459	457	471	473
462	460	474	476	461	459	473	475
464	462	476	478	463	461	475	477
466	464	478	480	465	463	477	479
468	466	480	482	467	465	479	481
472	470	484	486	471	469	483	485
474	472	486	488	473	471	485	487
476	474	488	490	475	473	487	489
478	476	490	492	477	475	489	491
480	478	492	494	479	477	491	493
482	480	494	496	481	479	493	495
486	484	498	500	485	483	497	499
488	486	500	502	487	485	499	501
490	488	502	504	489	487	501	503
492	490	504	506	491	489	503	505
494	492	506	508	493	491	505	507
496	494	508	510	495	493	507	509
500	498	512	514	499	497	511	513
502	500	514	516	501	499	513	515
504	502	516	518	503	501	515	517
506	504	518	520	505	503	517	519
508	506	520	522	507	505	519	521
510	508	522	524	509	507	521	523
514	512	526	528	513	511	525	527
516	514	528	530	515	513	527	529
518	516	530	532	517	515	529	531
520	518	532	534	519	517	531	533
522	520	534	536	521	519	533	535
524	522	536	538	523	521	535	537
528	526	540	542	527	525	539	541
530	528	542	544	529	527	541	543
532	530	544	546	531	529	543	545
534	532	546	548	533	531	545	547
536	534	548	550	535	533	547	549
538	536	550	552	537	535	549	551
542	540	554	556	541	539	553	555
544	542	556	558	543	541	555	557
546	544	558	560	545	543	557	559
548	546	560	562	547	545	559	561
550	548	562	564	549	547	561	563
552	550	564	566	551	549	563	565
569	567	571	573	570	568	572	574
573	571	575	577	574	572	576	578
577	575	579	581	578	576	580	582
581	579	583	585	582	580	584	586
585	583	587	589	586	584	588	590
589	587	591	593	590	588	592	594
595	569	573	597	596	570	574	598
597	573	577	599	598	574	578	600
599	577	581	601	600	578	582	602
601	581	585	603	602	582	586	604
603	585	589	605	604	586	590	606
605	589	593	607	606	590	594	608
609	595	597	611	610	596	598	612
611	597	599	613	612	598	600	614
613	599	601	615	614	600	602	616
615	601	603	617	616	602	604	618
617	603	605	619	618	604	606	620
619	605	607	621	620	606	608	622
623	609	611	625	624	610	612	626
625	611	613	627	626	612	614	628
627	613	615	629	628	614	616	630
629	615	617	631	630	616	618	632
631	617	619	633	632	618	620	634
633	619	621	635	634	620	622	636
637	623	625	639	638	624	626	640
639	625	627	641	640	626	628	642
641	627	629	643	642	628	630	644
643	629	631	645	644	630	632	646
645	631	633	647	646	632	634	648
647	633	635	649	648	634	636	650
651	637	639	653	652	638	640	654
653	639	641	655	654	640	642	656
655	641	643	657	656	642	644	658
657	643	645	659	658	644	646	660
659	645	647	661	660	646	648	662
661	647	649	663	662	648	650	664
665	651	653	667	666	652	654	668
667	653	655	669	668	654	656	670
669	655	657	671	670	656	658	672
671	657	659	673	672	658	660	674
673	659	661	675	674	660	662	676
675	661	663	677	676	662	664	678
679	665	667	681	680	666	668	682
681	667	669	683	682	668	670	684
683	669	671	685	684	670	672	686
685	671	673	687	686	672	674	688
687	673	675	689	688	674	676	690
689	675	677	691	690	676	678	692
693	679	681	695	694	680	682	696
695	681	683	697	696	682	684	698
697	683	685	699	698	684	686	700
699	685	687	701	700	686	688	702
701	687	689	703	702	688	690	704
703	689	691	705	704	690	692	706
707	693	695	709	708	694	696	710
709	695	697	711	710	696	698	712
711	697	699	713	712	698	700	714
713	699	701	715	714	700	702	716
715	701	703	717	716	702	704	718
717	703	705	719	718	704	706	720
721	707	709	723	722	708	710	724
723	709	711	725	724	710	712	726
725	711	713	727	726	712	714	728
727	713	715	729	728	714	716	730
729	715	717	731	730	716	718	732
731	717	719	733	732	718	720	734
735	721	723	737	736	722	724	738
737	723	725	739	738	724	726	740
739	725	727	741	740	726	728	742
741	727	729	743	742	728	730	744
743	729	731	745	744	730	732	746
745	731	733	747	746	732	734	748
749	735	737	751	750	736	738	752
751	737	739	753	752	738	740	754
753	739	741	755	754	740	742	756
755	741	743	757	756	742	744	758
757	743	745	759	758	744	746	760
759	745	747	761	760	746	748	762
763	749	751	765	764	750	752	766
765	751	753	767	766	752	754	768
767	753	755	769	768	754	756	770
769	755	757	771	770	756	758	772
771	757	759	773	772	758	760	774
773	759	761	775	774	760	762	776
777	763	765	779	778	764	766	780
779	765	767	781	780	766	768	782
781	767	769	783	782	768	770	784
783	769	771	785	784	770	772	786
785	771	773	787	786	772	774	788
787	773	775	789	788	774	776	790
791	777	779	793	792	778	780	794
793	779	781	795	794	780	782	796
795	781	783	797	796	782	784	798
797	783	785	799	798	784	786	800
799	785	787	801	800	786	788	802
801	787	789	803	802	788	790	804
554	791	793	556	553	792	794	555
556	793	795	558	555	794	796	557
558	795	797	560	557	796	798	559
560	797	799	562	559	798	800	561
562	799	801	564	561	800	802	563
564	801	803	566	563	802	804	565
807	805	809	811	808	806	810	812
811	809	813	815	812	810	814	816
815	813	817	819	816	814	818	820
819	817	821	823	820	818	822	824
293	807	811	297	294	808	812	298
297	811	815	301	298	812	816	302
301	815	819	305	302	816	820	306
305	819	823	309	306	820	824	310
825	333	335	827	826	334	336	828
827	335	337	829	828	336	338	830
829	337	339	831	830	338	340	832
831	339	341	833	832	340	342	834
835	825	827	837	836	826	828	838
837	827	829	839	838	828	830	840
839	829	831	841	840	830	832	842
841	831	833	843	842	832	834	844
24	22	846	848	23	21	845	847
26	24	848	850	25	23	847	849
28	26	850	852	27	25	849	851
30	28	852	854	29	27	851	853
848	846	856	858	847	845	855	857
850	848	858	860	849	847	857	859
852	850	860	862	851	849	859	861
854	852	862	864	853	851	861	863
858	856	202	206	857	855	201	205
860	858	206	210	859	857	205	209
862	860	210	214	861	859	209	213
864	862	214	218	863	861	213	217
870	866	868	872	869	865	867	871
874	870	872	876	873	869	871	875
878	874	876	880	877	873	875	879
882	878	880	884	881	877	879	883
886	882	884	888	885	881	883	887
890	886	888	892	889	885	887	891
872	868	894	896	871	867	893	895
876	872	896	898	875	871	895	897
880	876	898	900	879	875	897	899
884	880	900	902	883	879	899	901
888	884	902	904	887	883	901	903
892	888	904	906	891	887	903	905
896	894	907	909	895	893	908	910
909	907	911	913	910	908	912	914
913	911	915	917	914	912	916	918
917	915	919	921	918	916	920	922
921	919	923	925	922	920	924	926
925	923	927	929	926	924	928	930
929	927	931	933	930	928	932	934
933	931	935	937	934	932	936	938
937	935	939	941	938	936	940	942
941	939	943	945	942	940	944	946
945	943	947	949	946	944	948	950
949	947	951	953	950	948	952	954
953	951	955	957	954	952	956	958
957	955	959	961	958	956	960	962
898	896	909	963	897	895	910	964
963	909	913	965	964	910	914	966
965	913	917	967	966	914	918	968
967	917	921	969	968	918	922	970
969	921	925	971	970	922	926	972
971	925	929	973	972	926	930	974
973	929	933	975	974	930	934	976
975	933	937	977	976	934	938	978
977	937	941	979	978	938	942	980
979	941	945	981	980	942	946	982
981	945	949	983	982	946	950	984
983	949	953	985	984	950	954	986
985	953	957	987	986	954	958	988
987	957	961	989	988	958	962	990
900	898	963	991	899	897	964	992
991	963	965	993	992	964	966	994
993	965	967	995	994	966	968	996
995	967	969	997	996	968	970	998
997	969	971	999	998	970	972	1000
999	971	973	1001	1000	972	974	1002
1001	973	975	1003	1002	974	976	1004
1003	975	977	1005	1004	976	978	1006
1005	977	979	1007	1006	978	980	1008
1007	979	981	1009	1008	980	982	1010
1009	981	983	1011	1010	982	984	1012
1011	983	985	1013	1012	984	986	1014
1013	985	987	1015	1014	986	988	1016
1015	987	989	1017	1016	988	990	1018
902	900	991	1019	901	899	992	1020
1019	991	993	1021	1020	992	994	1022
1021	993	995	1023	1022	994	996	1024
1023	995	997	1025	1024	996	998	1026
1025	997	999	1027	1026	998	1000	1028
1027	999	1001	1029	1028	1000	1002	1030
1029	1001	1003	1031	1030	1002	1004	1032
1031	1003	1005	1033	1032	1004	1006	1034
1033	1005	1007	1035	1034	1006	1008	1036
1035	1007	1009	1037	1036	1008	1010	1038
1037	1009	1011	1039	1038	1010	1012	1040
1039	1011	1013	1041	1040	1012	1014	1042
1041	1013	1015	1043	1042	1014	1016	1044
1043	1015	1017	1045	1044	1016	1018	1046
904	902	1019	1047	903	901	1020	1048
1047	1019	1021	1049	1048	1020	1022	1050
1049	1021	1023	1051	1050	1022	1024	1052
1051	1023	1025	1053	1052	1024	1026	1054
1053	1025	1027	1055	1054	1026	1028	1056
1055	1027	1029	1057	1056	1028	1030	1058
1057	1029	1031	1059	1058	1030	1032	1060
1059	1031	1033	1061	1060	1032	1034	1062
1061	1033	1035	1063	1062	1034	1036	1064
1063	1035	1037	1065	1064	1036	1038	1066
1065	1037	1039	1067	1066	1038	1040	1068
1067	1039	1041	1069	1068	1040	1042	1070
1069	1041	1043	1071	1070	1042	1044	1072
1071	1043	1045	1073	1072	1044	1046	1074
906	904	1047	1075	905	903	1048	1076
1075	1047	1049	1077	1076	1048	1050	1078
1077	1049	1051	1079	1078	1050	1052	1080
1079	1051	1053	1081	1080	1052	1054	1082
1081	1053	1055	1083	1082	1054	1056	1084
1083	1055	1057	1085	1084	1056	1058	1086
1085	1057	1059	1087	1086	1058	1060	1088
1087	1059	1061	1089	1088	1060	1062	1090
1089	1061	1063	1091	1090	1062	1064	1092
1091	1063	1065	1093	1092	1064	1066	1094
1093	1065	1067	1095	1094	1066	1068	1096
1095	1067	1069	1097	1096	1068	1070	1098
1097	1069	1071	1099	1098	1070	1072	1100
1099	1071	1073	1101	1100	1072	1074	1102
961	959	1103	1105	962	960	1104	1106
1105	1103	1107	1109	1106	1104	1108	1110
1109	1107	1111	1113	1110	1108	1112	1114
1113	1111	1115	1117	1114	1112	1116	1118
1117	1115	1119	1121	1118	1116	1120	1122
1121	1119	1123	1125	1122	1120	1124	1126
1125	1123	1127	1129	1126	1124	1128	1130
1129	1127	1131	1133	1130	1128	1132	1134
1133	1131	1135	1137	1134	1132	1136	1138
1137	1135	1139	1141	1138	1136	1140	1142
1141	1139	1143	1145	1142	1140	1144	1146
1145	1143	1147	1149	1146	1144	1148	1150
1149	1147	1151	1153	1150	1148	1152	1154
1153	1151	252	256	1154	1152	251	255
989	961	1105	1155	990	962	1106	1156
1155	1105	1109	1157	1156	1106	1110	1158
1157	1109	1113	1159	1158	1110	1114	1160
1159	1113	1117	1161	1160	1114	1118	1162
1161	1117	1121	1163	1162	1118	1122	1164
1163	1121	1125	1165	1164	1122	1126	1166
1165	1125	1129	1167	1166	1126	1130	1168
1167	1129	1133	1169	1168	1130	1134	1170
1169	1133	1137	1171	1170	1134	1138	1172
1171	1137	1141	1173	1172	1138	1142	1174
1173	1141	1145	1175	1174	1142	1146	1176
1175	1145	1149	1177	1176	1146	1150	1178
1177	1149	1153	1179	1178	1150	1154	1180
1179	1153	256	260	1180	1154	255	259
1017	989	1155	1181	1018	990	1156	1182
1181	1155	1157	1183	1182	1156	1158	1184
1183	1157	1159	1185	1184	1158	1160	1186
1185	1159	1161	1187	1186	1160	1162	1188
1187	1161	1163	1189	1188	1162	1164	1190
1189	1163	1165	1191	1190	1164	1166	1192
1191	1165	1167	1193	1192	1166	1168	1194
1193	1167	1169	1195	1194	1168	1170	1196
1195	1169	1171	1197	1196	1170	1172	1198
1197	1171	1173	1199	1198	1172	1174	1200
1199	1173	1175	1201	1200	1174	1176	1202
1201	1175	1177	1203	1202	1176	1178	1204
1203	1177	1179	1205	1204	1178	1180	1206
1205	1179	260	264	1206	1180	259	263
1045	1017	1181	1207	1046	1018	1182	1208
1207	1181	1183	1209	1208	1182	1184	1210
1209	1183	1185	1211	1210	1184	1186	1212
1211	1185	1187	1213	1212	1186	1188	1214
1213	1187	1189	1215	1214	1188	1190	1216
1215	1189	1191	1217	1216	1190	1192	1218
1217	1191	1193	1219	1218	1192	1194	1220
1219	1193	1195	1221	1220	1194	1196	1222
1221	1195	1197	1223	1222	1196	1198	1224
1223	1197	1199	1225	1224	1198	1200	1226
1225	1199	1201	1227	1226	1200	1202	1228
1227	1201	1203	1229	1228	1202	1204	1230
1229	1203	1205	1231	1230	1204	1206	1232
1231	1205	264	268	1232	1206	263	267
1073	1045	1207	1233	1074	1046	1208	1234
1233	1207	1209	1235	1234	1208	1210	1236
1235	1209	1211	1237	1236	1210	1212	1238
1237	1211	1213	1239	1238	1212	1214	1240
1239	1213	1215	1241	1240	1214	1216	1242
1241	1215	1217	1243	1242	1216	1218	1244
1243	1217	1219	1245	1244	1218	1220	1246
1245	1219	1221	1247	1246	1220	1222	1248
1247	1221	1223	1249	1248	1222	1224	1250
1249	1223	1225	1251	1250	1224	1226	1252
1251	1225	1227	1253	1252	1226	1228	1254
1253	1227	1229	1255	1254	1228	1230	1256
1255	1229	1231	1257	1256	1230	1232	1258
1257	1231	268	272	1258	1232	267	271
1101	1073	1233	1259	1102	1074	1234	1260
1259	1233	1235	1261	1260	1234	1236	1262
1261	1235	1237	1263	1262	1236	1238	1264
1263	1237	1239	1265	1264	1238	1240	1266
1265	1239	1241	1267	1266	1240	1242	1268
1267	1241	1243	1269	1268	1242	1244	1270
1269	1243	1245	1271	1270	1244	1246	1272
1271	1245	1247	1273	1272	1246	1248	1274
1273	1247	1249	1275	1274	1248	1250	1276
1275	1249	1251	1277	1276	1250	1252	1278
1277	1251	1253	1279	1278	1252	1254	1280
1279	1253	1255	1281	1280	1254	1256	1282
1281	1255	1257	1283	1282	1256	1258	1284
1283	1257	272	276	1284	1258	271	275
1287	1285	1289	1291	1288	1286	1290	1292
1291	1289	1293	1295	1292	1290	1294	1296
1295	1293	1297	1299	1296	1294	1298	1300
1299	1297	1301	1303	1300	1298	1302	1304
1305	1287	1291	1307	1306	1288	1292	1308
1307	1291	1295	1309	1308	1292	1296	1310
1309	1295	1299	1311	1310	1296	1300	1312
1311	1299	1303	1313	1312	1300	1304	1314
1315	1305	1307	1317	1316	1306	1308	1318
1317	1307	1309	1319	1318	1308	1310	1320
1319	1309	1311	1321	1320	1310	1312	1322
1321	1311	1313	1323	1322	1312	1314	1324
1325	1315	1317	1327	1326	1316	1318	1328
1327	1317	1319	1329	1328	1318	1320	1330
1329	1319	1321	1331	1330	1320	1322	1332
1331	1321	1323	1333	1332	1322	1324	1334
1335	1325	1327	1337	1336	1326	1328	1338
1337	1327	1329	1339	1338	1328	1330	1340
1339	1329	1331	1341	1340	1330	1332	1342
1341	1331	1333	1343	1342	1332	1334	1344
1345	1335	1337	1347	1346	1336	1338	1348
1347	1337	1339	1349	1348	1338	1340	1350
1349	1339	1341	1351	1350	1340	1342	1352
1351	1341	1343	1353	1352	1342	1344	1354
1355	1345	1347	1357	1356	1346	1348	1358
1357	1347	1349	1359	1358	1348	1350	1360
1359	1349	1351	1361	1360	1350	1352	1362
1361	1351	1353	1363	1362	1352	1354	1364
1365	1355	1357	1367	1366	1356	1358	1368
1367	1357	1359	1369	1368	1358	1360	1370
1369	1359	1361	1371	1370	1360	1362	1372
1371	1361	1363	1373	1372	1362	1364	1374
1376	1365	1367	1378	1375	1366	1368	1377
1380	1376	1378	1382	1379	1375	1377	1381
1384	1380	1382	1386	1383	1379	1381	1385
1388	1384	1386	1390	1387	1383	1385	1389
1392	1388	1390	1394	1391	1387	1389	1393
1396	1392	1394	1398	1395	1391	1393	1397
1400	1396	1398	1402	1399	1395	1397	1401
1404	1400	1402	1406	1403	1399	1401	1405
1408	1404	1406	1410	1407	1403	1405	1409
1412	1408	1410	1414	1411	1407	1409	1413
1416	1412	1414	1418	1415	1411	1413	1417
1420	1416	1418	1422	1419	1415	1417	1421
1424	1420	1422	1426	1423	1419	1421	1425
1428	1424	1426	1430	1427	1423	1425	1429
1432	1428	1430	1434	1431	1427	1429	1433
1378	1367	1369	1436	1377	1368	1370	1435
1382	1378	1436	1438	1381	1377	1435	1437
1386	1382	1438	1440	1385	1381	1437	1439
1390	1386	1440	1442	1389	1385	1439	1441
1394	1390	1442	1444	1393	1389	1441	1443
1398	1394	1444	1446	1397	1393	1443	1445
1402	1398	1446	1448	1401	1397	1445	1447
1406	1402	1448	1450	1405	1401	1447	1449
1410	1406	1450	1452	1409	1405	1449	1451
1414	1410	1452	1454	1413	1409	1451	1453
1418	1414	1454	1456	1417	1413	1453	1455
1422	1418	1456	1458	1421	1417	1455	1457
1426	1422	1458	1460	1425	1421	1457	1459
1430	1426	1460	1462	1429	1425	1459	1461
1434	1430	1462	1464	1433	1429	1461	1463
1436	1369	1371	1466	1435	1370	1372	1465
1438	1436	1466	1468	1437	1435	1465	1467
1440	1438	1468	1470	1439	1437	1467	1469
1442	1440	1470	1472	1441	1439	1469	1471
1444	1442	1472	1474	1443	1441	1471	1473
1446	1444	1474	1476	1445	1443	1473	1475
1448	1446	1476	1478	1447	1445	1475	1477
1450	1448	1478	1480	1449	1447	1477	1479
1452	1450	1480	1482	1451	1449	1479	1481
1454	1452	1482	1484	1453	1451	1481	1483
1456	1454	1484	1486	1455	1453	1483	1485
1458	1456	1486	1488	1457	1455	1485	1487
1460	1458	1488	1490	1459	1457	1487	1489
1462	1460	1490	1492	1461	1459	1489	1491
1464	1462	1492	1494	1463	1461	1491	1493
1466	1371	1373	1496	1465	1372	1374	1495
1468	1466	1496	1498	1467	1465	1495	1497
1470	1468	1498	1500	1469	1467	1497	1499
1472	1470	1500	1502	1471	1469	1499	1501
1474	1472	1502	1504	1473	1471	1501	1503
1476	1474	1504	1506	1475	1473	1503	1505
1478	1476	1506	1508	1477	1475	1505	1507
1480	1478	1508	1510	1479	1477	1507	1509
1482	1480	1510	1512	1481	1479	1509	1511
1484	1482	1512	1514	1483	1481	1511	1513
1486	1484	1514	1516	1485	1483	1513	1515
1488	1486	1516	1518	1487	1485	1515	1517
1490	1488	1518	1520	1489	1487	1517	1519
1492	1490	1520	1522	1491	1489	1519	1521
1494	1492	1522	1524	1493	1491	1521	1523
1526	1432	1434	1528	1525	1431	1433	1527
1530	1526	1528	1532	1529	1525	1527	1531
1534	1530	1532	1536	1533	1529	1531	1535
1538	1534	1536	1540	1537	1533	1535	1539
1542	1538	1540	1544	1541	1537	1539	1543
1546	1542	1544	1548	1545	1541	1543	1547
1550	1546	1548	1552	1549	1545	1547	1551
1554	1550	1552	1556	1553	1549	1551	1555
1558	1554	1556	1560	1557	1553	1555	1559
1562	1558	1560	1564	1561	1557	1559	1563
1566	1562	1564	1568	1565	1561	1563	1567
1570	1566	1568	1572	1569	1565	1567	1571
1574	1570	1572	1576	1573	1569	1571	1575
1578	1574	1576	1580	1577	1573	1575	1579
805	1578	1580	809	806	1577	1579	810
1528	1434	1464	1582	1527	1433	1463	1581
1532	1528	1582	1584	1531	1527	1581	1583
1536	1532	1584	1586	1535	1531	1583	1585
1540	1536	1586	1588	1539	1535	1585	1587
1544	1540	1588	1590	1543	1539	1587	1589
1548	1544	1590	1592	1547	1543	1589	1591
1552	1548	1592	1594	1551	1547	1591	1593
1556	1552	1594	1596	1555	1551	1593	1595
1560	1556	1596	1598	1559	1555	1595	1597
1564	1560	1598	1600	1563	1559	1597	1599
1568	1564	1600	1602	1567	1563	1599	1601
1572	1568	1602	1604	1571	1567	1601	1603
1576	1572	1604	1606	1575	1571	1603	1605
1580	1576	1606	1608	1579	1575	1605	1607
809	1580	1608	813	810	1579	1607	814
1582	1464	1494	1610	1581	1463	1493	1609
1584	1582	1610	1612	1583	1581	1609	1611
1586	1584	1612	1614	1585	1583	1611	1613
1588	1586	1614	1616	1587	1585	1613	1615
1590	1588	1616	1618	1589	1587	1615	1617
1592	1590	1618	1620	1591	1589	1617	1619
1594	1592	1620	1622	1593	1591	1619	1621
1596	1594	1622	1624	1595	1593	1621	1623
1598	1596	1624	1626	1597	1595	1623	1625
1600	1598	1626	1628	1599	1597	1625	1627
1602	1600	1628	1630	1601	1599	1627	1629
1604	1602	1630	1632	1603	1601	1629	1631
1606	1604	1632	1634	1605	1603	1631	1633
1608	1606	1634	1636	1607	1605	1633	1635
813	1608	1636	817	814	1607	1635	818
1610	1494	1524	1638	1609	1493	1523	1637
1612	1610	1638	1640	1611	1609	1637	1639
1614	1612	1640	1642	1613	1611	1639	1641
1616	1614	1642	1644	1615	1613	1641	1643
1618	1616	1644	1646	1617	1615	1643	1645
1620	1618	1646	1648	1619	1617	1645	1647
1622	1620	1648	1650	1621	1619	1647	1649
1624	1622	1650	1652	1623	1621	1649	1651
1626	1624	1652	1654	1625	1623	1651	1653
1628	1626	1654	1656	1627	1625	1653	1655
1630	1628	1656	1658	1629	1627	1655	1657
1632	1630	1658	1660	1631	1629	1657	1659
1634	1632	1660	1662	1633	1631	1659	1661
1636	1634	1662	1664	1635	1633	1661	1663
817	1636	1664	821	818	1635	1663	822
1289	1285	1666	1668	1290	1286	1665	1667
1293	1289	1668	1670	1294	1290	1667	1669
1297	1293	1670	1672	1298	1294	1669	1671
1301	1297	1672	1674	1302	1298	1671	1673
1668	1666	1676	1678	1667	1665	1675	1677
1670	1668	1678	1680	1669	1667	1677	1679
1672	1670	1680	1682	1671	1669	1679	1681
1674	1672	1682	1684	1673	1671	1681	1683
1678	1676	1686	1688	1677	1675	1685	1687
1680	1678	1688	1690	1679	1677	1687	1689
1682	1680	1690	1692	1681	1679	1689	1691
1684	1682	1692	1694	1683	1681	1691	1693
1688	1686	1696	1698	1687	1685	1695	1697
1690	1688	1698	1700	1689	1687	1697	1699
1692	1690	1700	1702	1691	1689	1699	1701
1694	1692	1702	1704	1693	1691	1701	1703
1698	1696	1706	1708	1697	1695	1705	1707
1700	1698	1708	1710	1699	1697	1707	1709
1702	1700	1710	1712	1701	1699	1709	1711
1704	1702	1712	1714	1703	1701	1711	1713
1708	1706	1716	1718	1707	1705	1715	1717
1710	1708	1718	1720	1709	1707	1717	1719
1712	1710	1720	1722	1711	1709	1719	1721
1714	1712	1722	1724	1713	1711	1721	1723
1718	1716	1726	1728	1717	1715	1725	1727
1720	1718	1728	1730	1719	1717	1727	1729
1722	1720	1730	1732	1721	1719	1729	1731
1724	1722	1732	1734	1723	1721	1731	1733
1728	1726	1736	1738	1727	1725	1735	1737
1730	1728	1738	1740	1729	1727	1737	1739
1732	1730	1740	1742	1731	1729	1739	1741
1734	1732	1742	1744	1733	1731	1741	1743
1738	1736	1746	1748	1737	1735	1745	1747
1740	1738	1748	1750	1739	1737	1747	1749
1742	1740	1750	1752	1741	1739	1749	1751
1744	1742	1752	1754	1743	1741	1751	1753
1748	1746	1756	1758	1747	1745	1755	1757
1750	1748	1758	1760	1749	1747	1757	1759
1752	1750	1760	1762	1751	1749	1759	1761
1754	1752	1762	1764	1753	1751	1761	1763
1758	1756	1766	1768	1757	1755	1765	1767
1760	1758	1768	1770	1759	1757	1767	1769
1762	1760	1770	1772	1761	1759	1769	1771
1764	1762	1772	1774	1763	1761	1771	1773
1768	1766	1776	1778	1767	1765	1775	1777
1770	1768	1778	1780	1769	1767	1777	1779
1772	1770	1780	1782	1771	1769	1779	1781
1774	1772	1782	1784	1773	1771	1781	1783
1778	1776	1786	1788	1777	1775	1785	1787
1780	1778	1788	1790	1779	1777	1787	1789
1782	1780	1790	1792	1781	1779	1789	1791
1784	1782	1792	1794	1783	1781	1791	1793
1788	1786	1796	1798	1787	1785	1795	1797
1790	1788	1798	1800	1789	1787	1797	1799
1792	1790	1800	1802	1791	1789	1799	1801
1794	1792	1802	1804	1793	1791	1801	1803
1798	1796	1806	1808	1797	1795	1805	1807
1800	1798	1808	1810	1799	1797	1807	1809
1802	1800	1810	1812	1801	1799	1809	1811
1804	1802	1812	1814	1803	1801	1811	1813
1808	1806	1816	1818	1807	1805	1815	1817
1810	1808	1818	1820	1809	1807	1817	1819
1812	1810	1820	1822	1811	1809	1819	1821
1814	1812	1822	1824	1813	1811	1821	1823
1818	1816	1826	1828	1817	1815	1825	1827
1820	1818	1828	1830	1819	1817	1827	1829
1822	1820	1830	1832	1821	1819	1829	1831
1824	1822	1832	1834	1823	1821	1831	1833
1828	1826	1836	1838	1827	1825	1835	1837
1830	1828	1838	1840	1829	1827	1837	1839
1832	1830	1840	1842	1831	1829	1839	1841
1834	1832	1842	1844	1833	1831	1841	1843
1838	1836	1846	1848	1837	1835	1845	1847
1840	1838	1848	1850	1839	1837	1847	1849
1842	1840	1850	1852	1841	1839	1849	1851
1844	1842	1852	1854	1843	1841	1851	1853
1848	1846	1856	1858	1847	1845	1855	1857
1850	1848	1858	1860	1849	1847	1857	1859
1852	1850	1860	1862	1851	1849	1859	1861
1854	1852	1862	1864	1853	1851	1861	1863
1858	1856	1866	1868	1857	1855	1865	1867
1860	1858	1868	1870	1859	1857	1867	1869
1862	1860	1870	1872	1861	1859	1869	1871
1864	1862	1872	1874	1863	1861	1871	1873
1868	1866	1876	1878	1867	1865	1875	1877
1870	1868	1878	1880	1869	1867	1877	1879
1872	1870	1880	1882	1871	1869	1879	1881
1874	1872	1882	1884	1873	1871	1881	1883
1878	1876	1886	1888	1877	1875	1885	1887
1880	1878	1888	1890	1879	1877	1887	1889
1882	1880	1890	1892	1881	1879	1889	1891
1884	1882	1892	1894	1883	1881	1891	1893
1888	1886	1896	1898	1887	1885	1895	1897
1890	1888	1898	1900	1889	1887	1897	1899
1892	1890	1900	1902	1891	1889	1899	1901
1894	1892	1902	1904	1893	1891	1901	1903
1898	1896	1906	1908	1897	1895	1905	1907
1900	1898	1908	1910	1899	1897	1907	1909
1902	1900	1910	1912	1901	1899	1909	1911
1904	1902	1912	1914	1903	1901	1911	1913
1908	1906	1916	1918	1907	1905	1915	1917
1910	1908	1918	1920	1909	1907	1917	1919
1912	1910	1920	1922	1911	1909	1919	1921
1914	1912	1922	1924	1913	1911	1921	1923
1918	1916	1926	1928	1917	1915	1925	1927
1920	1918	1928	1930	1919	1917	1927	1929
1922	1920	1930	1932	1921	1919	1929	1931
1924	1922	1932	1934	1923	1921	1931	1933
1928	1926	1936	1938	1927	1925	1935	1937
1930	1928	1938	1940	1929	1927	1937	1939
1932	1930	1940	1942	1931	1929	1939	1941
1934	1932	1942	1944	1933	1931	1941	1943
1938	1936	1946	1948	1937	1935	1945	1947
1940	1938	1948	1950	1939	1937	1947	1949
1942	1940	1950	1952	1941	1939	1949	1951
1944	1942	1952	1954	1943	1941	1951	1953
1948	1946	835	837	1947	1945	836	838
1950	1948	837	839	1949	1947	838	840
1952	1950	839	841	1951	1949	840	842
1954	1952	841	843	1953	1951	842	844
1956	1955	221	222	1958	1957	225	226
1960	1959	1955	1956	1962	1961	1957	1958
1964	1963	1959	1960	1966	1965	1961	1962
1968	1967	1963	1964	1970	1969	1965	1966
1955	1971	233	221	1957	1972	235	225
1959	1973	1971	1955	1961	1974	1972	1957
1963	1975	1973	1959	1965	1976	1974	1961
1967	1977	1975	1963	1969	1978	1976	1965
1971	1979	239	233	1972	1980	241	235
1973	1981	1979	1971	1974	1982	1980	1972
1975	1983	1981	1973	1976	1984	1982	1974
1977	1985	1983	1975	1978	1986	1984	1976
1979	1987	245	239	1980	1988	247	241
1981	1989	1987	1979	1982	1990	1988	1980
1983	1991	1989	1981	1984	1992	1990	1982
1985	1993	1991	1983	1986	1994	1992	1984
2000	1999	1995	1996	2002	2001	1997	1998
2004	2003	1999	2000	2006	2005	2001	2002
2008	2007	2003	2004	2010	2009	2005	2006
230	229	2007	2008	232	231	2009	2010
1999	2013	2011	1995	2001	2014	2012	1997
2003	2015	2013	1999	2005	2016	2014	2001
2007	2017	2015	2003	2009	2018	2016	2005
229	237	2017	2007	231	238	2018	2009
2013	2021	2019	2011	2014	2022	2020	2012
2015	2023	2021	2013	2016	2024	2022	2014
2017	2025	2023	2015	2018	2026	2024	2016
237	243	2025	2017	238	244	2026	2018
2021	2029	2027	2019	2022	2030	2028	2020
2023	2031	2029	2021	2024	2032	2030	2022
2025	2033	2031	2023	2026	2034	2032	2024
243	249	2033	2025	244	250	2034	2026
1996	1995	2035	2036	1998	1997	2037	2038
1995	2011	2039	2035	1997	2012	2040	2037
2011	2019	2041	2039	2012	2020	2042	2040
2019	2027	2043	2041	2020	2028	2044	2042
2046	2045	1967	1968	2048	2047	1969	1970
2045	2049	1977	1967	2047	2050	1978	1969
2049	2051	1985	1977	2050	2052	1986	1978
2051	2053	1993	1985	2052	2054	1994	1986
2060	2059	2055	2056	2062	2061	2057	2058
2059	2065	2063	2055	2061	2066	2064	2057
2065	2069	2067	2063	2066	2070	2068	2064
2069	2073	2071	2067	2070	2074	2072	2068
2076	2075	2045	2046	2078	2077	2047	2048
2080	2079	2075	2076	2082	2081	2077	2078
2056	2055	2079	2080	2058	2057	2081	2082
2075	2083	2049	2045	2077	2084	2050	2047
2079	2085	2083	2075	2081	2086	2084	2077
2055	2063	2085	2079	2057	2064	2086	2081
2083	2087	2051	2049	2084	2088	2052	2050
2085	2089	2087	2083	2086	2090	2088	2084
2063	2067	2089	2085	2064	2068	2090	2086
2087	2091	2053	2051	2088	2092	2054	2052
2089	2093	2091	2087	2090	2094	2092	2088
2067	2071	2093	2089	2068	2072	2094	2090
2096	2095	2059	2060	2098	2097	2061	2062
2100	2099	2095	2096	2102	2101	2097	2098
2104	2103	2099	2100	2106	2105	2101	2102
2036	2035	2103	2104	2038	2037	2105	2106
2095	2107	2065	2059	2097	2108	2066	2061
2099	2109	2107	2095	2101	2110	2108	2097
2103	2111	2109	2099	2105	2112	2110	2101
2035	2039	2111	2103	2037	2040	2112	2105
2107	2113	2069	2065	2108	2114	2070	2066
2109	2115	2113	2107	2110	2116	2114	2108
2111	2117	2115	2109	2112	2118	2116	2110
2039	2041	2117	2111	2040	2042	2118	2112
2113	2119	2073	2069	2114	2120	2074	2070
2115	2121	2119	2113	2116	2122	2120	2114
2117	2123	2121	2115	2118	2124	2122	2116
2041	2043	2123	2117	2042	2044	2124	2118
2131	2127	2125	2129	2132	2128	2126	2130
2135	2131	2129	2133	2136	2132	2130	2134
2139	2135	2133	2137	2140	2136	2134	2138
2143	2139	2137	2141	2144	2140	2138	2142
2147	2143	2141	2145	2148	2144	2142	2146
2151	2147	2145	2149	2152	2148	2146	2150
2155	2153	2127	2131	2156	2154	2128	2132
2157	2155	2131	2135	2158	2156	2132	2136
2159	2157	2135	2139	2160	2158	2136	2140
2161	2159	2139	2143	2162	2160	2140	2144
2163	2161	2143	2147	2164	2162	2144	2148
2165	2163	2147	2151	2166	2164	2148	2152
2169	2167	2153	2155	2170	2168	2154	2156
2171	2169	2155	2157	2172	2170	2156	2158
2173	2171	2157	2159	2174	2172	2158	2160
2175	2173	2159	2161	2176	2174	2160	2162
2177	2175	2161	2163	2178	2176	2162	2164
2179	2177	2163	2165	2180	2178	2164	2166
2183	2181	2167	2169	2184	2182	2168	2170
2185	2183	2169	2171	2186	2184	2170	2172
2187	2185	2171	2173	2188	2186	2172	2174
2189	2187	2173	2175	2190	2188	2174	2176
2191	2189	2175	2177	2192	2190	2176	2178
2193	2191	2177	2179	2194	2192	2178	2180
2197	2195	2181	2183	2198	2196	2182	2184
2199	2197	2183	2185	2200	2198	2184	2186
2201	2199	2185	2187	2202	2200	2186	2188
2203	2201	2187	2189	2204	2202	2188	2190
2205	2203	2189	2191	2206	2204	2190	2192
2207	2205	2191	2193	2208	2206	2192	2194
2211	2209	2195	2197	2212	2210	2196	2198
2213	2211	2197	2199	2214	2212	2198	2200
2215	2213	2199	2201	2216	2214	2200	2202
2217	2215	2201	2203	2218	2216	2202	2204
2219	2217	2203	2205	2220	2218	2204	2206
2221	2219	2205	2207	2222	2220	2206	2208
2225	2223	2209	2211	2226	2224	2210	2212
2227	2225	2211	2213	2228	2226	2212	2214
2229	2227	2213	2215	2230	2228	2214	2216
2231	2229	2215	2217	2232	2230	2216	2218
2233	2231	2217	2219	2234	2232	2218	2220
2235	2233	2219	2221	2236	2234	2220	2222
2239	2237	2223	2225	2240	2238	2224	2226
2241	2239	2225	2227	2242	2240	2226	2228
2243	2241	2227	2229	2244	2242	2228	2230
2245	2243	2229	2231	2246	2244	2230	2232
2247	2245	2231	2233	2248	2246	2232	2234
2249	2247	2233	2235	2250	2248	2234	2236
2253	2251	2237	2239	2254	2252	2238	2240
2255	2253	2239	2241	2256	2254	2240	2242
2257	2255	2241	2243	2258	2256	2242	2244
2259	2257	2243	2245	2260	2258	2244	2246
2261	2259	2245	2247	2262	2260	2246	2248
2263	2261	2247	2249	2264	2262	2248	2250
2267	2265	2251	2253	2268	2266	2252	2254
2269	2267	2253	2255	2270	2268	2254	2256
2271	2269	2255	2257	2272	2270	2256	2258
2273	2271	2257	2259	2274	2272	2258	2260
2275	2273	2259	2261	2276	2274	2260	2262
2277	2275	2261	2263	2278	2276	2262	2264
2281	2279	2265	2267	2282	2280	2266	2268
2283	2281	2267	2269	2284	2282	2268	2270
2285	2283	2269	2271	2286	2284	2270	2272
2287	2285	2271	2273	2288	2286	2272	2274
2289	2287	2273	2275	2290	2288	2274	2276
2291	2289	2275	2277	2292	2290	2276	2278
2295	2293	2279	2281	2296	2294	2280	2282
2297	2295	2281	2283	2298	2296	2282	2284
2299	2297	2283	2285	2300	2298	2284	2286
2301	2299	2285	2287	2302	2300	2286	2288
2303	2301	2287	2289	2304	2302	2288	2290
2305	2303	2289	2291	2306	2304	2290	2292
2307	2311	2313	2309	2308	2312	2314	2310
2311	2315	2317	2313	2312	2316	2318	2314
2309	2313	2321	2319	2310	2314	2322	2320
2313	2317	2323	2321	2314	2318	2324	2322
2319	2321	2327	2325	2320	2322	2328	2326
2321	2323	2329	2327	2322	2324	2330	2328
2325	2327	2333	2331	2326	2328	2334	2332
2327	2329	2335	2333	2328	2330	2336	2334
2331	2333	2339	2337	2332	2334	2340	2338
2333	2335	2341	2339	2334	2336	2342	2340
2337	2339	2345	2343	2338	2340	2346	2344
2339	2341	2347	2345	2340	2342	2348	2346
2343	2345	2351	2349	2344	2346	2352	2350
2345	2347	2353	2351	2346	2348	2354	2352
2349	2351	2357	2355	2350	2352	2358	2356
2351	2353	2359	2357	2352	2354	2360	2358
2355	2357	2363	2361	2356	2358	2364	2362
2357	2359	2365	2363	2358	2360	2366	2364
2361	2363	2369	2367	2362	2364	2370	2368
2363	2365	2371	2369	2364	2366	2372	2370
2367	2369	2375	2373	2368	2370	2376	2374
2369	2371	2377	2375	2370	2372	2378	2376
2373	2375	2381	2379	2374	2376	2382	2380
2375	2377	2383	2381	2376	2378	2384	2382
2385	2389	2391	2387	2386	2390	2392	2388
2389	2393	2395	2391	2390	2394	2396	2392
2393	2397	2399	2395	2394	2398	2400	2396
2397	2401	2403	2399	2398	2402	2404	2400
2401	2405	2407	2403	2402	2406	2408	2404
2405	2307	2309	2407	2406	2308	2310	2408
2387	2391	2411	2409	2388	2392	2412	2410
2391	2395	2413	2411	2392	2396	2414	2412
2395	2399	2415	2413	2396	2400	2416	2414
2399	2403	2417	2415	2400	2404	2418	2416
2403	2407	2419	2417	2404	2408	2420	2418
2407	2309	2319	2419	2408	2310	2320	2420
2409	2411	2423	2421	2410	2412	2424	2422
2411	2413	2425	2423	2412	2414	2426	2424
2413	2415	2427	2425	2414	2416	2428	2426
2415	2417	2429	2427	2416	2418	2430	2428
2417	2419	2431	2429	2418	2420	2432	2430
2419	2319	2325	2431	2420	2320	2326	2432
2421	2423	2435	2433	2422	2424	2436	2434
2423	2425	2437	2435	2424	2426	2438	2436
2425	2427	2439	2437	2426	2428	2440	2438
2427	2429	2441	2439	2428	2430	2442	2440
2429	2431	2443	2441	2430	2432	2444	2442
2431	2325	2331	2443	2432	2326	2332	2444
2433	2435	2447	2445	2434	2436	2448	2446
2435	2437	2449	2447	2436	2438	2450	2448
2437	2439	2451	2449	2438	2440	2452	2450
2439	2441	2453	2451	2440	2442	2454	2452
2441	2443	2455	2453	2442	2444	2456	2454
2443	2331	2337	2455	2444	2332	2338	2456
2445	2447	2459	2457	2446	2448	2460	2458
2447	2449	2461	2459	2448	2450	2462	2460
2449	2451	2463	2461	2450	2452	2464	2462
2451	2453	2465	2463	2452	2454	2466	2464
2453	2455	2467	2465	2454	2456	2468	2466
2455	2337	2343	2467	2456	2338	2344	2468
2457	2459	2471	2469	2458	2460	2472	2470
2459	2461	2473	2471	2460	2462	2474	2472
2461	2463	2475	2473	2462	2464	2476	2474
2463	2465	2477	2475	2464	2466	2478	2476
2465	2467	2479	2477	2466	2468	2480	2478
2467	2343	2349	2479	2468	2344	2350	2480
2469	2471	2483	2481	2470	2472	2484	2482
2471	2473	2485	2483	2472	2474	2486	2484
2473	2475	2487	2485	2474	2476	2488	2486
2475	2477	2489	2487	2476	2478	2490	2488
2477	2479	2491	2489	2478	2480	2492	2490
2479	2349	2355	2491	2480	2350	2356	2492
2481	2483	2495	2493	2482	2484	2496	2494
2483	2485	2497	2495	2484	2486	2498	2496
2485	2487	2499	2497	2486	2488	2500	2498
2487	2489	2501	2499	2488	2490	2502	2500
2489	2491	2503	2501	2490	2492	2504	2502
2491	2355	2361	2503	2492	2356	2362	2504
2493	2495	2507	2505	2494	2496	2508	2506
2495	2497	2509	2507	2496	2498	2510	2508
2497	2499	2511	2509	2498	2500	2512	2510
2499	2501	2513	2511	2500	2502	2514	2512
2501	2503	2515	2513	2502	2504	2516	2514
2503	2361	2367	2515	2504	2362	2368	2516
2505	2507	2519	2517	2506	2508	2520	2518
2507	2509	2521	2519	2508	2510	2522	2520
2509	2511	2523	2521	2510	2512	2524	2522
2511	2513	2525	2523	2512	2514	2526	2524
2513	2515	2527	2525	2514	2516	2528	2526
2515	2367	2373	2527	2516	2368	2374	2528
2517	2519	2531	2529	2518	2520	2532	2530
2519	2521	2533	2531	2520	2522	2534	2532
2521	2523	2535	2533	2522	2524	2536	2534
2523	2525	2537	2535	2524	2526	2538	2536
2525	2527	2539	2537	2526	2528	2540	2538
2527	2373	2379	2539	2528	2374	2380	2540
2277	2541	2542	2291	2278	2543	2544	2292
2541	2277	2263	2545	2543	2278	2264	2546
2249	2547	2545	2263	2250	2548	2546	2264
2235	2549	2547	2249	2236	2550	2548	2250
2221	2551	2549	2235	2222	2552	2550	2236
2207	2553	2551	2221	2208	2554	2552	2222
2193	2555	2553	2207	2194	2556	2554	2208
2179	2557	2555	2193	2180	2558	2556	2194
2165	2559	2557	2179	2166	2560	2558	2180
2151	2561	2559	2165	2152	2562	2560	2166
2563	2559	2561	2564	2565	2560	2562	2566
2567	2557	2559	2563	2568	2558	2560	2565
2569	2555	2557	2567	2570	2556	2558	2568
2571	2553	2555	2569	2572	2554	2556	2570
2573	2551	2553	2571	2574	2552	2554	2572
2575	2549	2551	2573	2576	2550	2552	2574
2577	2547	2549	2575	2578	2548	2550	2576
2579	2545	2547	2577	2580	2546	2548	2578
2581	2541	2545	2579	2582	2543	2546	2580
2583	2542	2541	2581	2584	2544	2543	2582
2585	2542	2583	2586	2587	2544	2584	2588
2305	2291	2542	2585	2306	2292	2544	2587
2589	2561	2151	2149	2590	2562	2152	2150
2591	2564	2561	2589	2592	2566	2562	2590
2593	2595	2596	2594	2597	2599	2600	2598
100	2595	2593	98	99	2599	2597	97
2596	2595	100	2601	2600	2599	99	2602
2603	2605	2606	2604	2607	2609	2610	2608
2611	2612	2605	2603	2613	2614	2609	2607
2615	2617	2618	2616	2619	2621	2622	2620
2623	2617	2615	2624	2625	2621	2619	2626
2604	2606	2628	2627	2608	2610	2630	2629
2631	2633	2634	2632	2635	2637	2638	2636
50	2633	2631	48	49	2637	2635	47
2639	2641	2642	2640	2643	2645	2646	2644
140	2641	2639	130	139	2645	2643	129
2642	2641	140	2647	2646	2645	139	2648
2649	2651	2652	2650	2653	2655	2656	2654
2657	2651	2649	2658	2659	2655	2653	2660
2652	2651	2657	2661	2656	2655	2659	2662
160	2663	2664	158	159	2665	2666	157
160	2667	2668	2663	159	2669	2670	2665
2671	2640	2612	2611	2672	2644	2614	2613
98	2593	2647	140	97	2597	2648	139
2601	2631	2632	2673	2602	2635	2636	2674
48	2631	2601	100	47	2635	2602	99
2632	2634	2676	2675	2636	2638	2678	2677
220	2679	2680	218	219	2681	2682	217
178	2683	2679	220	177	2684	2681	219
2647	2685	2686	2642	2648	2687	2688	2646
2689	2685	2647	2593	2690	2687	2648	2597
2686	2685	2689	2691	2688	2687	2690	2692
2673	2693	2596	2601	2674	2694	2600	2602
2695	2693	2673	2696	2697	2694	2674	2698
2596	2693	2695	2594	2600	2694	2697	2598
2593	2594	2699	2689	2597	2598	2700	2690
2673	2632	2675	2696	2674	2636	2677	2698
2675	2676	2702	2701	2677	2678	2704	2703
2705	2661	2657	2706	2707	2662	2659	2708
2709	2711	2712	2710	2713	2715	2716	2714
2624	2615	2711	2709	2626	2619	2715	2713
2387	2617	2623	2385	2388	2621	2625	2386
2409	2618	2617	2387	2410	2622	2621	2388
2668	2667	2718	2717	2670	2669	2720	2719
2721	2722	2691	2689	2723	2724	2692	2690
2725	2727	2728	2726	2729	2731	2732	2730
2733	2727	2725	2734	2735	2731	2729	2736
2728	2727	2733	2737	2732	2731	2735	2738
2699	2594	2695	2739	2700	2598	2697	2740
2741	2742	2650	2652	2743	2744	2654	2656
218	2742	2741	864	217	2744	2743	863
2650	2742	218	2680	2654	2744	217	2682
2745	2711	2615	2616	2746	2715	2619	2620
2712	2711	2745	2747	2716	2715	2746	2748
2421	2749	2618	2409	2422	2750	2622	2410
2605	2691	2722	2606	2609	2692	2724	2610
2612	2686	2691	2605	2614	2688	2692	2609
2751	2722	2721	2752	2753	2724	2723	2754
2628	2606	2722	2751	2630	2610	2724	2753
2755	2639	2640	2671	2756	2643	2644	2672
130	2639	2755	120	129	2643	2756	119
2757	2695	2696	2758	2759	2697	2698	2760
2739	2695	2757	2761	2740	2697	2759	2762
2763	2765	2766	2764	2767	2769	2770	2768
2771	2765	2763	2772	2773	2769	2767	2774
2766	2765	2771	2775	2770	2769	2773	2776
2777	2741	2652	2661	2778	2743	2656	2662
864	2741	2777	854	863	2743	2778	853
2779	2616	2618	2749	2780	2620	2622	2750
2781	2745	2616	2779	2782	2746	2620	2780
2783	2784	2663	2668	2785	2786	2665	2670
2787	2784	2783	2788	2789	2786	2785	2790
2663	2784	2787	2664	2665	2786	2789	2666
2667	2791	2792	2718	2669	2793	2794	2720
118	2791	2667	160	117	2793	2669	159
2642	2686	2612	2640	2646	2688	2614	2644
2795	2699	2739	2796	2797	2700	2740	2798
2689	2699	2795	2721	2690	2700	2797	2723
2758	2696	2675	2701	2760	2698	2677	2703
2799	2800	1325	1335	2801	2802	1326	1336
2803	2804	2800	2799	2805	2806	2802	2801
2807	2809	2705	2808	2810	2812	2707	2811
30	2809	2807	20	29	2812	2810	19
2809	2777	2661	2705	2812	2778	2662	2707
854	2777	2809	30	853	2778	2812	29
2680	2679	2814	2813	2682	2681	2816	2815
2747	2745	2781	2817	2748	2746	2782	2818
2783	2668	2717	2819	2785	2670	2719	2820
649	2821	2822	663	650	2823	2824	664
635	2825	2821	649	636	2826	2823	650
2827	2758	2701	2828	2829	2760	2703	2830
2831	2757	2758	2827	2832	2759	2760	2829
2796	2739	2761	2833	2798	2740	2762	2834
2835	2837	2838	2836	2839	2841	2842	2840
20	2837	2835	18	19	2841	2839	17
2838	2837	20	2807	2842	2841	19	2810
2813	2649	2650	2680	2815	2653	2654	2682
2658	2649	2813	2843	2660	2653	2815	2844
2813	2814	2845	2843	2815	2816	2846	2844
2781	2717	2718	2817	2782	2719	2720	2818
2819	2717	2781	2779	2820	2719	2782	2780
2791	2755	2671	2792	2793	2756	2672	2794
120	2755	2791	118	119	2756	2793	117
2847	2822	2849	2848	2850	2824	2852	2851
663	2822	2847	677	664	2824	2850	678
1365	2853	2854	1355	1366	2855	2856	1356
1365	2733	2734	2853	1366	2735	2736	2855
607	2728	2857	621	608	2732	2858	622
593	2726	2728	607	594	2730	2732	608
2859	2761	2757	2831	2860	2762	2759	2832
2833	2761	2859	2861	2834	2762	2860	2862
2633	2863	2864	2634	2637	2865	2866	2638
60	2863	2633	50	59	2865	2637	49
2867	2800	2804	2868	2869	2802	2806	2870
2867	1315	1325	2800	2869	1316	1326	2802
2771	2872	2873	2871	2773	2875	2876	2874
2772	2838	2872	2771	2774	2842	2875	2773
2838	2807	2808	2872	2842	2810	2811	2875
2877	2879	2880	2878	2881	2883	2884	2882
2885	2879	2877	2886	2887	2883	2881	2888
2880	2879	2885	2889	2884	2883	2887	2890
2891	2783	2819	2892	2893	2785	2820	2894
2788	2783	2891	2895	2790	2785	2893	2896
2817	2718	2792	2897	2818	2720	2794	2898
2792	2671	2611	2897	2794	2672	2613	2898
2899	2847	2848	2900	2901	2850	2851	2902
677	2847	2899	691	678	2850	2901	692
2848	2849	1392	1396	2851	2852	1391	1395
2859	2725	2726	2861	2860	2729	2730	2862
2831	2734	2725	2859	2832	2736	2729	2860
1376	2737	2733	1365	1375	2738	2735	1366
2857	2728	2737	2903	2858	2732	2738	2904
2905	2796	2833	2906	2907	2798	2834	2908
2909	2795	2796	2905	2910	2797	2798	2907
2828	2701	2702	2911	2830	2703	2704	2912
2634	2864	2913	2676	2638	2866	2914	2678
2863	2915	2916	2864	2865	2917	2918	2866
70	2915	2863	60	69	2917	2865	59
2868	2804	2920	2919	2870	2806	2922	2921
2923	2925	2926	2924	2927	2929	2930	2928
1287	2925	2923	1285	1288	2929	2927	1286
2931	2808	2705	2706	2932	2811	2707	2708
2872	2808	2931	2873	2875	2811	2932	2876
2933	2712	2747	2934	2935	2716	2748	2936
2710	2712	2933	2937	2714	2716	2935	2938
2433	2892	2749	2421	2434	2894	2750	2422
2445	2891	2892	2433	2446	2893	2894	2434
2892	2819	2779	2749	2894	2820	2780	2750
2939	2940	2899	2900	2941	2942	2901	2902
705	2940	2939	719	706	2942	2941	720
2899	2940	705	691	2901	2942	706	692
2943	2821	2825	2944	2945	2823	2826	2946
2822	2821	2943	2849	2824	2823	2945	2852
2827	2853	2734	2831	2829	2855	2736	2832
2903	2737	1376	1380	2904	2738	1375	1379
591	2861	2726	593	592	2862	2730	594
2721	2795	2909	2752	2723	2797	2910	2754
2947	2799	1335	1345	2948	2801	1336	1346
2911	2803	2799	2947	2912	2805	2801	2948
2676	2913	2949	2702	2678	2914	2950	2704
2913	2951	2920	2949	2914	2952	2922	2950
2864	2916	2951	2913	2866	2918	2952	2914
2953	2763	2764	2954	2955	2767	2768	2956
2772	2763	2953	2957	2774	2767	2955	2958
2868	2954	2959	2867	2870	2956	2960	2869
2919	2953	2954	2868	2921	2955	2956	2870
2836	2838	2772	2957	2840	2842	2774	2958
2604	2933	2934	2603	2608	2935	2936	2607
2937	2933	2604	2627	2938	2935	2608	2629
2934	2747	2817	2897	2936	2748	2818	2898
2895	2891	2445	2457	2896	2893	2446	2458
1400	2900	2848	1396	1399	2902	2851	1395
2939	2900	1400	1404	2941	2902	1399	1403
2825	2857	2903	2944	2826	2858	2904	2946
621	2857	2825	635	622	2858	2826	636
2854	2853	2827	2828	2856	2855	2829	2830
2906	2833	2861	591	2908	2834	2862	592
2702	2949	2803	2911	2704	2950	2805	2912
2949	2920	2804	2803	2950	2922	2806	2805
2961	2962	2923	2924	2963	2964	2927	2928
1666	2962	2961	2965	1665	2964	2963	2966
2923	2962	1666	1285	2927	2964	1665	1286
2967	2836	2957	2968	2969	2840	2958	2970
2971	2835	2836	2967	2972	2839	2840	2969
2683	2889	2885	2973	2684	2890	2887	2974
180	2889	2683	178	179	2890	2684	177
2885	2886	2976	2975	2887	2888	2978	2977
2603	2934	2897	2611	2607	2936	2898	2613
1388	2943	2944	1384	1387	2945	2946	1383
2849	2943	1388	1392	2852	2945	1387	1391
2947	2854	2828	2911	2948	2856	2830	2912
1355	2854	2947	1345	1356	2856	2948	1346
2968	2951	2916	2967	2970	2952	2918	2969
2919	2920	2951	2968	2921	2922	2952	2970
2979	2980	2961	2924	2981	2982	2963	2928
906	2980	2979	892	905	2982	2981	891
2961	2980	906	2965	2963	2982	905	2966
2926	2925	2764	2766	2930	2929	2768	2770
2983	2679	2683	2973	2984	2681	2684	2974
2985	2814	2679	2983	2986	2816	2681	2984
18	2835	2971	80	17	2839	2972	79
2788	2886	2877	2787	2790	2888	2881	2789
2976	2886	2788	2895	2978	2888	2790	2896
190	2880	2889	180	189	2884	2890	179
200	2878	2880	190	199	2882	2884	189
2987	2939	1404	1408	2988	2941	1403	1407
719	2939	2987	733	720	2941	2988	734
2944	2903	1380	1384	2946	2904	1379	1383
2971	2915	70	80	2972	2917	69	79
2967	2916	2915	2971	2969	2918	2917	2972
2989	2979	2924	2926	2990	2981	2928	2930
892	2979	2989	890	891	2981	2990	889
2925	2959	2954	2764	2929	2960	2956	2768
1305	2959	2925	1287	1306	2960	2929	1288
2968	2957	2953	2919	2970	2958	2955	2921
2845	2814	2985	2991	2846	2816	2986	2992
2787	2877	2878	2664	2789	2881	2882	2666
158	2664	2878	200	157	2666	2882	199
2993	2987	1408	1412	2994	2988	1407	1411
733	2987	2993	747	734	2988	2994	748
2775	2989	2926	2766	2776	2990	2930	2770
890	2989	2775	2995	889	2990	2776	2996
2867	2959	1305	1315	2869	2960	1306	1316
2469	2976	2895	2457	2470	2978	2896	2458
2975	2976	2469	2481	2977	2978	2470	2482
2995	2775	2771	2871	2996	2776	2773	2874
761	2997	2998	775	762	2999	3000	776
747	2993	2997	761	748	2994	2999	762
3001	2965	906	1075	3002	2966	905	1076
1666	2965	3001	1676	1665	2966	3002	1675
1416	2997	2993	1412	1415	2999	2994	1411
2998	2997	1416	1420	3000	2999	1415	1419
3003	3004	2985	2983	3005	3006	2986	2984
2517	3004	3003	2505	2518	3006	3005	2506
789	3007	3008	803	790	3009	3010	804
775	2998	3007	789	776	3000	3009	790
3011	3012	1079	1081	3013	3014	1080	1082
1696	3012	3011	1706	1695	3014	3013	1705
2493	3015	2975	2481	2494	3016	2977	2482
2505	3003	3015	2493	2506	3005	3016	2494
3017	3004	2517	2529	3018	3006	2518	2530
2991	2985	3004	3017	2992	2986	3006	3018
1424	3007	2998	1420	1423	3009	3000	1419
3008	3007	1424	1428	3010	3009	1423	1427
3019	3001	1075	1077	3020	3002	1076	1078
1676	3001	3019	1686	1675	3002	3020	1685
2973	3015	3003	2983	2974	3016	3005	2984
2975	3015	2973	2885	2977	3016	2974	2887
3012	3019	1077	1079	3014	3020	1078	1080
1686	3019	3012	1696	1685	3020	3014	1695
3021	3011	1081	1083	3022	3013	1082	1084
1706	3011	3021	1716	1705	3013	3022	1715
3023	3021	1083	1085	3024	3022	1084	1086
1716	3021	3023	1726	1715	3022	3024	1725
3025	3023	1085	1087	3026	3024	1086	1088
1726	3023	3025	1736	1725	3024	3026	1735
3027	3025	1087	1089	3028	3026	1088	1090
1736	3025	3027	1746	1735	3026	3028	1745
3029	3027	1089	1091	3030	3028	1090	1092
1746	3027	3029	1756	1745	3028	3030	1755
3031	3029	1091	1093	3032	3030	1092	1094
1756	3029	3031	1766	1755	3030	3032	1765
3033	3031	1093	1095	3034	3032	1094	1096
1766	3031	3033	1776	1765	3032	3034	1775
3035	3008	1428	1432	3036	3010	1427	1431
803	3008	3035	566	804	3010	3036	565
3037	3033	1095	1097	3038	3034	1096	1098
1776	3033	3037	1786	1775	3034	3038	1785
3039	3037	1097	1099	3040	3038	1098	1100
1786	3037	3039	1796	1785	3038	3040	1795
3041	3039	1099	1101	3042	3040	1100	1102
1796	3039	3041	1806	1795	3040	3042	1805
2027	3044	3045	3043	2028	3047	3048	3046
2029	3049	3044	2027	2030	3050	3047	2028
835	3051	3052	825	836	3053	3054	826
3055	3051	835	1946	3056	3053	836	1945
3057	3059	3060	3058	3061	3063	3064	3062
246	3065	3059	3057	248	3066	3063	3061
3067	3068	3069	3052	3070	3071	3072	3054
292	3068	3067	278	291	3071	3070	277
2027	3043	3073	2043	2028	3046	3074	2044
3075	3077	3078	3076	3079	3081	3082	3080
3083	3084	3077	3075	3085	3086	3081	3079
825	3052	3069	3087	826	3054	3072	3088
3089	3060	3059	3090	3091	3064	3063	3092
3093	3060	3089	3094	3095	3064	3091	3096
3097	3057	3058	3098	3099	3061	3062	3100
246	3057	3097	249	248	3061	3099	250
3058	3060	3093	3101	3062	3064	3095	3102
3103	3105	3106	3104	3107	3109	3110	3108
3111	3112	3105	3103	3113	3114	3109	3107
3105	3115	3090	3106	3109	3116	3092	3110
3117	3115	3105	3112	3118	3116	3109	3114
3090	3115	3117	3119	3092	3116	3118	3120
3121	3122	3097	3098	3123	3124	3099	3100
2033	3122	3121	2031	2034	3124	3123	2032
3097	3122	2033	249	3099	3124	2034	250
3125	3126	1987	1989	3127	3128	1988	1990
3076	3078	3126	3125	3080	3082	3128	3127
3129	3130	3112	3111	3131	3132	3114	3113
825	3087	3130	333	826	3088	3132	334
3068	3133	3119	3069	3071	3134	3120	3072
3135	3133	3068	292	3136	3134	3071	291
3133	3089	3090	3119	3134	3091	3092	3120
3090	3059	3065	3106	3092	3063	3066	3110
3137	3098	3058	3101	3138	3100	3062	3102
3121	3098	3137	3139	3123	3100	3138	3140
2053	3141	3142	1993	2054	3143	3144	1994
2053	3145	3146	3141	2054	3147	3148	3143
3051	3149	3067	3052	3053	3150	3070	3054
276	3149	3051	3055	275	3150	3053	3056
3067	3149	276	278	3070	3150	275	277
3094	3089	3133	3135	3096	3091	3134	3136
3151	3049	3121	3139	3152	3050	3123	3140
3153	3044	3049	3151	3154	3047	3050	3152
2031	3121	3049	2029	2032	3123	3050	2030
245	3155	3065	246	247	3156	3066	248
3157	3158	3084	3083	3159	3160	3086	3085
3078	3104	3155	3126	3082	3108	3156	3128
3077	3103	3104	3078	3081	3107	3108	3082
3117	3087	3069	3119	3118	3088	3072	3120
3130	3087	3117	3112	3132	3088	3118	3114
3106	3065	3155	3104	3110	3066	3156	3108
3045	3044	3153	3161	3048	3047	3154	3162
3163	3141	3146	3164	3165	3143	3148	3166
3142	3141	3163	3167	3144	3143	3165	3168
3158	3129	3111	3084	3160	3131	3113	3086
323	3129	3158	313	324	3131	3160	314
333	3130	3129	323	334	3132	3131	324
2043	3073	3169	2123	2044	3074	3170	2124
3157	295	313	3158	3159	296	314	3160
3171	3073	3043	3172	3173	3074	3046	3174
3169	3073	3171	3175	3170	3074	3173	3176
3084	3111	3103	3077	3086	3113	3107	3081
1987	3126	3155	245	1988	3128	3156	247
3177	3146	3145	3178	3179	3148	3147	3180
3164	3146	3177	3181	3166	3148	3179	3182
3183	3055	1946	1936	3184	3056	1945	1935
276	3055	3183	1283	275	3056	3184	1284
3185	3045	3161	3186	3187	3048	3162	3188
3172	3043	3045	3185	3174	3046	3048	3187
3189	3183	1936	1926	3190	3184	1935	1925
1283	3183	3189	1281	1284	3184	3190	1282
3191	3189	1926	1916	3192	3190	1925	1915
1281	3189	3191	1279	1282	3190	3192	1280
3193	3191	1916	1906	3194	3192	1915	1905
1279	3191	3193	1277	1280	3192	3194	1278
3195	3171	3172	3196	3197	3173	3174	3198
3175	3171	3195	3199	3176	3173	3197	3200
3201	3164	3181	3202	3203	3166	3182	3204
3205	3163	3164	3201	3206	3165	3166	3203
2167	3195	3196	2153	2168	3197	3198	2154
3199	3195	2167	2181	3200	3197	2168	2182
3125	3207	3208	3076	3127	3209	3210	3080
1991	3207	3125	1989	1992	3209	3127	1990
3167	3163	3205	3211	3168	3165	3206	3212
3213	3193	1906	1896	3214	3194	1905	1895
1277	3193	3213	1275	1278	3194	3214	1276
3215	3217	3218	3216	3219	3221	3222	3220
2071	3217	3215	3223	2072	3221	3219	3224
3218	3217	2071	3225	3222	3221	2072	3226
3227	3213	1896	1886	3228	3214	1895	1885
1275	3213	3227	1273	1276	3214	3228	1274
3208	3167	3211	3229	3210	3168	3212	3230
3207	3142	3167	3208	3209	3144	3168	3210
3231	3233	3234	3232	3235	3237	3238	3236
2251	3233	3231	2237	2252	3237	3235	2238
2073	3239	3225	2071	2074	3240	3226	2072
3241	3227	1886	1876	3242	3228	1885	1875
1273	3227	3241	1271	1274	3228	3242	1272
805	3244	3245	3243	806	3247	3248	3246
807	3249	3244	805	808	3250	3247	806
1993	3142	3207	1991	1994	3144	3209	1992
3251	3253	3254	3252	3255	3257	3258	3256
3259	3253	3251	3260	3261	3257	3255	3262
3263	3264	2195	2209	3265	3266	2196	2210
3267	3268	3264	3263	3269	3270	3266	3265
3271	3241	1876	1866	3272	3242	1875	1865
1271	3241	3271	1269	1272	3242	3272	1270
3076	3208	3229	3075	3080	3210	3230	3079
3273	3177	3178	3274	3275	3179	3180	3276
3277	3181	3177	3273	3278	3182	3179	3275
3279	3231	3232	3280	3281	3235	3236	3282
2237	3231	3279	2223	2238	3235	3281	2224
3283	3215	3216	3254	3284	3219	3220	3258
3285	3223	3215	3283	3286	3224	3219	3284
2071	3223	3287	2093	2072	3224	3288	2094
3289	3196	3172	3185	3290	3198	3174	3187
2153	3196	3289	2127	2154	3198	3290	2128
3291	3292	3243	3245	3293	3294	3246	3248
3295	3292	3291	3296	3297	3294	3293	3298
3243	3292	3295	3299	3246	3294	3297	3300
805	3243	3299	1578	806	3246	3300	1577
3202	3181	3277	3301	3204	3182	3278	3302
3303	3304	2279	2293	3305	3306	2280	2294
3307	3308	3304	3303	3309	3310	3306	3305
3311	3283	3254	3253	3312	3284	3258	3257
3313	3285	3283	3311	3314	3286	3284	3312
3287	3223	3285	3315	3288	3224	3286	3316
3317	3318	3268	3267	3319	3320	3270	3269
3321	3271	1866	1856	3322	3272	1865	1855
1269	3271	3321	1267	1270	3272	3322	1268
3075	3229	3323	3083	3079	3230	3324	3085
3325	3244	3249	3326	3327	3247	3250	3328
3245	3244	3325	3329	3248	3247	3327	3330
3267	3280	3331	3317	3269	3282	3332	3319
3263	3279	3280	3267	3265	3281	3282	3269
3233	3333	3334	3234	3237	3335	3336	3238
2265	3333	3233	2251	2266	3335	3237	2252
3308	3251	3252	3334	3310	3255	3256	3336
3260	3251	3308	3307	3262	3255	3310	3309
3252	3254	3216	3337	3256	3258	3220	3338
3315	3285	3313	3339	3316	3286	3314	3340
3239	3341	3318	3317	3240	3342	3320	3319
3343	3321	1856	1846	3344	3322	1855	1845
1267	3321	3343	1265	1268	3322	3344	1266
3345	3291	3245	3329	3346	3293	3248	3330
3296	3291	3345	3347	3298	3293	3346	3348
3349	3277	3273	3350	3351	3278	3275	3352
3301	3277	3349	3353	3302	3278	3351	3354
3355	3287	3315	3356	3357	3288	3316	3358
2093	3287	3355	2091	2094	3288	3357	2092
3359	3232	3234	3337	3360	3236	3238	3338
3280	3232	3359	3331	3282	3236	3360	3332
3333	3304	3308	3334	3335	3306	3310	3336
2279	3304	3333	2265	2280	3306	3335	2266
3361	3311	3253	3259	3362	3312	3257	3261
3363	3313	3311	3361	3364	3314	3312	3362
3175	3365	3366	3169	3176	3367	3368	3170
3318	3365	3175	3268	3320	3367	3176	3270
3366	3365	3318	3341	3368	3367	3320	3342
3369	3343	1846	1836	3370	3344	1845	1835
1265	3343	3369	1263	1266	3344	3370	1264
370	3296	3347	368	369	3298	3348	367
3295	3296	370	384	3297	3298	369	383
3371	3249	807	293	3372	3250	808	294
3323	3326	3249	3371	3324	3328	3250	3372
3350	3273	3274	3373	3352	3275	3276	3374
3225	3331	3359	3218	3226	3332	3360	3222
3317	3331	3225	3239	3319	3332	3226	3240
2223	3279	3263	2209	2224	3281	3265	2210
3234	3334	3252	3337	3238	3336	3256	3338
3339	3313	3363	3375	3340	3314	3364	3376
2119	3341	3239	2073	2120	3342	3240	2074
2121	3366	3341	2119	2122	3368	3342	2120
2123	3169	3366	2121	2124	3170	3368	2122
3377	3369	1836	1826	3378	3370	1835	1825
1263	3369	3377	1261	1264	3370	3378	1262
3301	3347	3345	3202	3302	3348	3346	3204
368	3347	3301	3353	367	3348	3302	3354
3205	3325	3326	3211	3206	3327	3328	3212
3329	3325	3205	3201	3330	3327	3206	3203
3229	3211	3326	3323	3230	3212	3328	3324
3145	3355	3356	3178	3147	3357	3358	3180
2091	3355	3145	2053	2092	3357	3147	2054
3356	3315	3339	3379	3358	3316	3340	3380
3218	3359	3337	3216	3222	3360	3338	3220
3268	3175	3199	3264	3270	3176	3200	3266
3381	3289	3185	3186	3382	3290	3187	3188
2127	3289	3381	2125	2128	3290	3382	2126
3083	3323	3371	3157	3085	3324	3372	3159
3202	3345	3329	3201	3204	3346	3330	3203
3178	3356	3379	3274	3180	3358	3380	3276
3379	3339	3375	3383	3380	3340	3376	3384
3264	3199	2181	2195	3266	3200	2182	2196
3385	3299	3295	3386	3387	3300	3297	3388
1578	3299	3385	1574	1577	3300	3387	1573
3157	3371	293	295	3159	3372	294	296
3274	3379	3383	3373	3276	3380	3384	3374
3389	3385	3386	3390	3391	3387	3388	3392
1574	3385	3389	1570	1573	3387	3391	1569
3386	3295	384	398	3388	3297	383	397
3393	3389	3390	3394	3395	3391	3392	3396
1570	3389	3393	1566	1569	3391	3395	1565
3390	3386	398	412	3392	3388	397	411
3397	3393	3394	3398	3399	3395	3396	3400
1566	3393	3397	1562	1565	3395	3399	1561
3394	3390	412	426	3396	3392	411	425
3401	3403	3404	3402	3405	3407	3408	3406
1558	3403	3401	1554	1557	3407	3405	1553
3398	3394	426	440	3400	3396	425	439
3402	3404	454	468	3406	3408	453	467
1550	3409	3410	1546	1549	3411	3412	1545
1554	3401	3409	1550	1553	3405	3411	1549
3402	3413	3409	3401	3406	3414	3411	3405
482	3413	3402	468	481	3414	3406	467
3409	3413	482	3410	3411	3414	481	3412
3403	3397	3398	3404	3407	3399	3400	3408
1562	3397	3403	1558	1561	3399	3407	1557
3415	3410	482	496	3416	3412	481	495
1546	3410	3415	1542	1545	3412	3416	1541
3404	3398	440	454	3408	3400	439	453
3417	3415	496	510	3418	3416	495	509
1542	3415	3417	1538	1541	3416	3418	1537
3419	3417	510	524	3420	3418	509	523
1538	3417	3419	1534	1537	3418	3420	1533
3421	3419	524	538	3422	3420	523	537
1534	3419	3421	1530	1533	3420	3422	1529
3423	3421	538	552	3424	3422	537	551
1530	3421	3423	1526	1529	3422	3424	1525
3035	3423	552	566	3036	3424	551	565
1526	3423	3035	1432	1525	3424	3036	1431
3425	3377	1826	1816	3426	3378	1825	1815
1261	3377	3425	1259	1262	3378	3426	1260
3041	3425	1816	1806	3042	3426	1815	1805
1259	3425	3041	1101	1260	3426	3042	1102
3427	3429	3430	3428	3431	3433	3434	3432
3427	3428	3436	3435	3431	3432	3438	3437
3439	3440	3441	3436	3442	3443	3444	3438
3445	3446	3441	3440	3447	3448	3444	3443
3435	3436	3441	3446	3437	3438	3444	3448
3449	3451	3452	3450	3453	3455	3456	3454
3457	3450	3452	3458	3459	3454	3456	3460
3461	3462	3449	3450	3463	3464	3453	3454
3465	3466	3462	3461	3467	3468	3464	3463
3469	3470	3466	3465	3471	3472	3468	3467
3430	3429	3470	3469	3434	3433	3472	3471
3473	3439	3436	3428	3474	3442	3438	3432
3475	3446	3445	3476	3477	3448	3447	3478
3479	3435	3446	3475	3480	3437	3448	3477
3481	3427	3435	3479	3482	3431	3437	3480
3483	3429	3427	3481	3484	3433	3431	3482
3485	3470	3429	3483	3486	3472	3433	3484
3487	3466	3470	3485	3488	3468	3472	3486
3489	3490	3466	3487	3491	3492	3468	3488
3493	3462	3466	3490	3494	3464	3468	3492
3495	3449	3462	3493	3496	3453	3464	3494
3497	3451	3449	3495	3498	3455	3453	3496
3499	3452	3451	3497	3500	3456	3455	3498
3501	3458	3452	3499	3502	3460	3456	3500
3503	3457	3458	3501	3504	3459	3460	3502
3505	3439	3473	3506	3507	3442	3474	3508
3509	3440	3439	3505	3510	3443	3442	3507
3511	3445	3440	3509	3512	3447	3443	3510
3513	3476	3445	3511	3514	3478	3447	3512
3515	3517	3518	3516	3519	3521	3522	3520
3523	3503	3517	3515	3524	3504	3521	3519
3525	3457	3503	3523	3526	3459	3504	3524
3527	3450	3457	3525	3528	3454	3459	3526
3529	3461	3450	3527	3530	3463	3454	3528
3531	3465	3461	3529	3532	3467	3463	3530
3533	3469	3465	3531	3534	3471	3467	3532
3535	3430	3469	3533	3536	3434	3471	3534
3537	3428	3430	3535	3538	3432	3434	3536
3539	3473	3428	3537	3540	3474	3432	3538
3541	3506	3473	3539	3542	3508	3474	3540
3349	3476	3513	3353	3351	3478	3514	3354
3350	3475	3476	3349	3352	3477	3478	3351
3373	3479	3475	3350	3374	3480	3477	3352
3383	3481	3479	3373	3384	3482	3480	3374
3375	3483	3481	3383	3376	3484	3482	3384
3363	3485	3483	3375	3364	3486	3484	3376
3361	3487	3485	3363	3362	3488	3486	3364
3259	3489	3487	3361	3261	3491	3488	3362
3260	3490	3489	3259	3262	3492	3491	3261
3307	3493	3490	3260	3309	3494	3492	3262
3303	3495	3493	3307	3305	3496	3494	3309
2293	3497	3495	3303	2294	3498	3496	3305
2295	3499	3497	2293	2296	3500	3498	2294
2297	3501	3499	2295	2298	3502	3500	2296
2299	3503	3501	2297	2300	3504	3502	2298
2301	3517	3503	2299	2302	3521	3504	2300
2303	3518	3517	2301	2304	3522	3521	2302
348	3506	3541	344	347	3508	3542	343
352	3505	3506	348	351	3507	3508	347
356	3509	3505	352	355	3510	3507	351
360	3511	3509	356	359	3512	3510	355
364	3513	3511	360	363	3514	3512	359
368	3353	3513	364	367	3354	3514	363
2585	3518	2303	2305	2587	3522	2304	2306
2586	3516	3518	2585	2588	3520	3522	2587
3543	3545	3546	3544	3547	3549	3550	3548
3551	3544	3546	3552	3553	3548	3550	3554
3555	3545	3543	3556	3557	3549	3547	3558
3559	3546	3545	3555	3560	3550	3549	3557
3561	3552	3546	3559	3562	3554	3550	3560
3563	3551	3552	3561	3564	3553	3554	3562
3565	3543	3544	3566	3567	3547	3548	3568
3569	3556	3543	3565	3570	3558	3547	3567
3571	3572	3556	3569	3573	3574	3558	3570
3575	3576	3572	3571	3577	3578	3574	3573
3579	3580	3576	3575	3581	3582	3578	3577
3583	3584	3580	3579	3585	3586	3582	3581
3587	3588	3584	3583	3589	3590	3586	3585
3591	3588	3587	3592	3593	3590	3589	3594
3595	3596	3588	3591	3597	3598	3590	3593
3599	3584	3588	3596	3600	3586	3590	3598
3601	3580	3584	3599	3602	3582	3586	3600
3603	3576	3580	3601	3604	3578	3582	3602
3605	3606	3576	3603	3607	3608	3578	3604
3609	3572	3576	3606	3610	3574	3578	3608
3611	3556	3572	3609	3612	3558	3574	3610
3613	3555	3556	3611	3614	3557	3558	3612
3615	3559	3555	3613	3616	3560	3557	3614
3617	3561	3559	3615	3618	3562	3560	3616
3619	3563	3561	3617	3620	3564	3562	3618
3621	3563	3619	3622	3623	3564	3620	3624
3625	3551	3563	3621	3626	3553	3564	3623
3627	3544	3551	3625	3628	3548	3553	3626
3629	3566	3544	3627	3630	3568	3548	3628
3631	3566	3629	3632	3633	3568	3630	3634
3635	3565	3566	3631	3636	3567	3568	3633
3637	3569	3565	3635	3638	3570	3567	3636
3639	3571	3569	3637	3640	3573	3570	3638
3641	3575	3571	3639	3642	3577	3573	3640
3643	3579	3575	3641	3644	3581	3577	3642
3645	3583	3579	3643	3646	3585	3581	3644
3647	3587	3583	3645	3648	3589	3585	3646
3649	3592	3587	3647	3650	3594	3589	3648
3651	3652	3592	3649	3653	3654	3594	3650
3655	3656	3652	3651	3657	3658	3654	3653
2401	3652	3656	2405	2402	3654	3658	2406
2397	3592	3652	2401	2398	3594	3654	2402
2393	3591	3592	2397	2394	3593	3594	2398
2389	3595	3591	2393	2390	3597	3593	2394
2385	3596	3595	2389	2386	3598	3597	2390
2623	3599	3596	2385	2625	3600	3598	2386
2624	3601	3599	2623	2626	3602	3600	2625
2709	3603	3601	2624	2713	3604	3602	2626
2710	3605	3603	2709	2714	3607	3604	2713
2937	3606	3605	2710	2938	3608	3607	2714
2627	3609	3606	2937	2629	3610	3608	2938
2628	3611	3609	2627	2630	3612	3610	2629
2751	3613	3611	2628	2753	3614	3612	2630
2752	3615	3613	2751	2754	3616	3614	2753
2909	3617	3615	2752	2910	3618	3616	2754
2905	3619	3617	2909	2907	3620	3618	2910
2906	3622	3619	2905	2908	3624	3620	2907
587	3622	2906	591	588	3624	2908	592
583	3621	3622	587	584	3623	3624	588
579	3625	3621	583	580	3626	3623	584
575	3627	3625	579	576	3628	3626	580
571	3629	3627	575	572	3630	3628	576
567	3632	3629	571	568	3634	3630	572
2311	3656	3655	2315	2312	3658	3657	2316
2307	2405	3656	2311	2308	2406	3658	2312
3659	3661	3662	3660	3663	3665	3666	3664
3662	3661	3668	3667	3666	3665	3670	3669
3660	3662	3667	3671	3664	3666	3669	3672
3673	3661	3659	3674	3675	3665	3663	3676
3673	3677	3668	3661	3675	3678	3670	3665
3679	3673	3681	3680	3682	3675	3684	3683
3677	3673	3679	3685	3678	3675	3682	3686
3680	3687	3688	3679	3683	3689	3690	3682
3691	3692	3687	3680	3693	3694	3689	3683
3681	3695	3691	3680	3684	3696	3693	3683
3697	3692	3691	3695	3698	3694	3693	3696
3699	3700	3692	3697	3701	3702	3694	3698
3703	3704	3700	3699	3705	3706	3702	3701
3707	3708	3704	3703	3709	3710	3706	3705
3711	3708	3707	3712	3713	3710	3709	3714
3715	3681	3673	3674	3716	3684	3675	3676
3717	3695	3681	3715	3718	3696	3684	3716
3719	3697	3695	3717	3720	3698	3696	3718
3721	3722	3697	3719	3723	3724	3698	3720
3725	3699	3697	3722	3726	3701	3698	3724
3727	3703	3699	3725	3728	3705	3701	3726
3729	3707	3703	3727	3730	3709	3705	3728
3731	3712	3707	3729	3732	3714	3709	3730
3733	3711	3712	3731	3734	3713	3714	3732
874	3677	3685	870	873	3678	3686	869
878	3668	3677	874	877	3670	3678	873
882	3667	3668	878	881	3669	3670	877
886	3671	3667	882	885	3672	3669	881
2995	3671	886	890	2996	3672	885	889
2871	3660	3671	2995	2874	3664	3672	2996
2873	3659	3660	2871	2876	3663	3664	2874
2931	3674	3659	2873	2932	3676	3663	2876
2706	3715	3674	2931	2708	3716	3676	2932
2657	3717	3715	2706	2659	3718	3716	2708
2658	3719	3717	2657	2660	3720	3718	2659
2843	3721	3719	2658	2844	3723	3720	2660
2845	3722	3721	2843	2846	3724	3723	2844
2991	3725	3722	2845	2992	3726	3724	2846
3017	3727	3725	2991	3018	3728	3726	2992
2529	3729	3727	3017	2530	3730	3728	3018
2531	3731	3729	2529	2532	3732	3730	2530
2533	3733	3731	2531	2534	3734	3732	2532
2535	3735	3733	2533	2536	3736	3734	2534
2537	3737	3735	2535	2538	3738	3736	2536
2539	3739	3737	2537	2540	3740	3738	2538
3741	3737	3739	3742	3743	3738	3740	3744
3745	3735	3737	3741	3746	3736	3738	3743
3747	3733	3735	3745	3748	3734	3736	3746
3749	3711	3733	3747	3750	3713	3734	3748
3751	3708	3711	3749	3752	3710	3713	3750
3753	3704	3708	3751	3754	3706	3710	3752
3755	3700	3704	3753	3756	3702	3706	3754
3687	3692	3700	3755	3689	3694	3702	3756
3757	3685	3679	3688	3758	3686	3682	3690
866	870	3685	3757	865	869	3686	3758
2381	3739	2539	2379	2382	3740	2540	2380
2383	3742	3739	2381	2384	3744	3740	2382
3759	3761	3762	3760	3763	3765	3766	3764
3762	3761	3768	3767	3766	3765	3770	3769
3760	3762	3767	3771	3764	3766	3769	3772
3773	3775	3776	3774	3777	3779	3780	3778
3773	3774	3782	3781	3777	3778	3784	3783
3781	3782	3761	3759	3783	3784	3765	3763
3785	3786	3776	3775	3787	3788	3780	3779
3789	3790	3786	3785	3791	3792	3788	3787
3793	3794	3790	3789	3795	3796	3792	3791
3797	3798	3794	3793	3799	3800	3796	3795
3801	3802	3798	3797	3803	3804	3800	3799
3805	3802	3801	3806	3807	3804	3803	3808
3809	3798	3802	3805	3810	3800	3804	3807
3811	3794	3798	3809	3812	3796	3800	3810
3813	3790	3794	3811	3814	3792	3796	3812
3815	3786	3790	3813	3816	3788	3792	3814
3817	3818	3786	3815	3819	3820	3788	3816
3821	3776	3786	3818	3822	3780	3788	3820
3823	3774	3776	3821	3824	3778	3780	3822
3825	3782	3774	3823	3826	3784	3778	3824
3768	3761	3782	3825	3770	3765	3784	3826
288	3760	3771	290	287	3764	3772	289
286	3759	3760	288	285	3763	3764	287
284	3781	3759	286	283	3783	3763	285
282	3773	3781	284	281	3777	3783	283
3827	2141	2137	3828	3829	2142	2138	3830
2141	3827	3831	2145	2142	3829	3832	2146
2133	3806	3828	2137	2134	3808	3830	2138
2129	3805	3806	2133	2130	3807	3808	2134
2125	3809	3805	2129	2126	3810	3807	2130
3381	3811	3809	2125	3382	3812	3810	2126
3186	3813	3811	3381	3188	3814	3812	3382
3161	3815	3813	3186	3162	3816	3814	3188
3153	3817	3815	3161	3154	3819	3816	3162
3151	3818	3817	3153	3152	3820	3819	3154
3139	3821	3818	3151	3140	3822	3820	3152
3137	3823	3821	3139	3138	3824	3822	3140
3101	3825	3823	3137	3102	3826	3824	3138
3093	3768	3825	3101	3095	3770	3826	3102
3094	3767	3768	3093	3096	3769	3770	3095
3135	3771	3767	3094	3136	3772	3769	3096
292	290	3771	3135	291	289	3772	3136
3833	3773	282	280	3834	3777	281	279
3835	3775	3773	3833	3836	3779	3777	3834
3837	3785	3775	3835	3838	3787	3779	3836
3839	3789	3785	3837	3840	3791	3787	3838
3841	3793	3789	3839	3842	3795	3791	3840
3843	3797	3793	3841	3844	3799	3795	3842
3845	3801	3797	3843	3846	3803	3799	3844
3847	3806	3801	3845	3848	3808	3803	3846
3849	3828	3806	3847	3850	3830	3808	3848
3851	3827	3828	3849	3852	3829	3830	3850
3853	3831	3827	3851	3854	3832	3829	3852
2589	3831	3853	2591	2590	3832	3854	2592
2149	2145	3831	2589	2150	2146	3832	2590
